HID	PA
25757	0
25838	0
25839	0
25918	0
25919	0
25920	0
25999	0
26000	0
26001	0
26002	0
26081	0
26082	0
26083	0
26161	0
26162	0
26163	0
26164	0
26242	0
26243	0
26244	0
26245	0
26324	0
26325	0
26326	0
26404	0
26405	0
26406	0
26407	0
26485	0
26486	0
26487	0
26488	0
26567	0
26568	0
26569	0
26647	0
26648	0
26649	0
26650	0
26729	0
26730	0
26731	0
26810	0
26811	0
26812	0
26891	0
26892	0
26893	0
26972	0
26973	0
26974	0
27054	0
27055	0
27134	0
27135	0
27136	0
27216	0
27217	0
28594	1
28837	1
29080	1
29161	1
29323	1
30052	0
30133	0
30213	0
30214	0
30293	0
30294	0
30295	0
30374	0
30375	0
30376	0
30456	0
30457	0
30536	0
30537	0
30538	0
30618	0
30619	0
30700	0
30781	0
39404	0
39405	0
39406	0
39407	0
39408	0
39409	1
39410	1
39411	1
39412	1
39413	1
39418	0
39419	0
39420	0
39421	0
39422	0
39423	0
39484	0
39485	0
39486	0
39487	0
39488	0
39489	0
39490	1
39491	1
39492	1
39493	1
39498	0
39499	0
39500	0
39501	0
39502	0
39503	0
39566	0
39567	0
39568	0
39569	0
39570	0
39571	0
39572	1
39573	1
39574	1
39575	1
39580	0
39581	0
39582	0
39583	0
39584	0
39585	0
39647	0
39648	0
39649	0
39650	0
39651	0
39652	0
39653	1
39654	1
39655	1
39656	1
39657	1
39658	1
39661	1
39662	0
39663	0
39664	0
39665	0
39666	0
39728	0
39729	0
39730	0
39731	0
39732	0
39733	0
39734	1
39735	1
39736	1
39737	1
39738	1
39739	1
39740	1
39742	0
39743	0
39744	0
39745	0
39746	0
39747	0
39809	0
39810	0
39811	0
39812	0
39813	0
39814	0
39815	1
39816	1
39817	1
39818	1
39819	1
39820	1
39821	1
39822	1
39824	0
39825	0
39826	0
39827	0
39828	0
39891	0
39892	0
39893	0
39894	0
39895	0
39896	0
39897	1
39898	1
39899	1
39900	1
39901	1
39902	1
39903	1
39906	0
39907	0
39908	0
39909	0
39910	0
39971	0
39972	0
39973	0
39974	0
39975	0
39976	0
39977	0
39978	1
39979	1
39980	1
39981	1
39982	1
39983	1
39987	0
39988	0
39989	0
39990	0
40053	0
40054	0
40055	0
40056	0
40057	0
40058	0
40059	1
40060	1
40061	1
40062	1
40063	1
40064	1
40065	1
40068	0
40069	0
40070	0
40071	0
40072	0
40134	0
40135	0
40136	0
40137	0
40138	0
40139	0
40140	0
40141	1
40142	1
40143	1
40144	1
40145	1
40146	1
40147	1
40150	0
40151	0
40152	0
40153	0
40215	0
40216	0
40217	0
40218	0
40219	0
40220	0
40221	0
40222	0
40223	1
40224	1
40225	1
40226	1
40227	1
40230	0
40231	0
40232	0
40233	0
40234	0
40296	0
40297	0
40298	0
40299	0
40300	0
40301	0
40302	0
40303	0
40304	1
40305	1
40306	1
40307	1
40308	1
40309	1
40312	0
40313	0
40314	0
40315	0
40378	0
40379	0
40380	0
40381	0
40382	0
40383	0
40384	0
40385	0
40386	1
40387	1
40388	1
40389	1
40390	1
40391	1
40394	0
40395	0
40396	0
40397	0
40459	0
40460	0
40461	0
40462	0
40463	0
40464	0
40465	0
40466	0
40467	1
40468	1
40469	1
40470	1
40471	1
40475	0
40476	0
40477	0
40540	0
40541	0
40542	0
40543	0
40544	0
40545	0
40546	0
40547	0
40548	1
40549	1
40550	1
40551	1
40552	1
40553	1
40558	0
40622	0
40623	0
40624	0
40625	0
40626	0
40627	0
40628	0
40629	0
40630	1
40631	1
40632	1
40633	1
40634	1
40702	0
40703	0
40704	0
40705	0
40706	0
40707	0
40708	0
40709	0
40710	0
40711	1
40712	1
40713	1
40714	1
40715	1
40784	0
40785	0
40786	0
40787	0
40788	0
40789	0
40790	0
40791	0
40792	1
40793	1
40794	1
40795	1
40796	1
40797	1
40798	1
40866	0
40867	0
40868	0
40869	0
40870	0
40871	0
40872	0
40873	0
40874	1
40875	1
40876	1
40877	1
40878	1
40879	1
40946	0
40947	0
40948	0
40949	0
40950	0
40951	0
40952	0
40953	0
40954	1
40955	1
40956	1
40957	1
40958	1
40959	1
40960	1
41028	0
41029	0
41030	0
41031	0
41032	0
41033	0
41034	0
41035	0
41036	1
41037	1
41038	1
41039	1
41040	1
41041	1
41042	1
41110	0
41111	0
41112	0
41113	0
41114	0
41115	0
41116	0
41117	0
41118	1
41119	1
41120	1
41121	1
41122	1
41123	1
41124	1
41191	0
41192	0
41193	0
41194	0
41195	0
41196	0
41197	0
41198	1
41199	1
41200	1
41201	1
41202	1
41203	1
41204	1
41205	1
41273	0
41274	0
41275	0
41276	0
41277	0
41278	0
41279	0
41280	1
41281	1
41282	1
41283	1
41284	1
41285	1
41286	1
41287	1
41355	0
41356	0
41357	0
41358	0
41359	0
41360	0
41361	0
41362	1
41363	1
41364	1
41365	1
41366	1
41367	1
41368	1
41435	0
41436	0
41437	0
41438	0
41439	0
41440	0
41441	0
41442	1
41443	1
41444	1
41445	1
41446	1
41447	1
41448	1
41449	1
41517	0
41518	0
41519	0
41520	0
41521	0
41522	0
41523	0
41524	1
41525	1
41526	1
41527	1
41528	1
41529	1
41530	1
41531	1
41598	0
41599	0
41600	0
41601	0
41602	0
41603	0
41604	0
41605	0
41606	1
41607	1
41608	1
41609	1
41610	1
41611	1
41612	1
41613	1
41679	0
41680	0
41681	0
41682	0
41683	0
41684	0
41685	0
41686	1
41687	1
41688	1
41689	1
41690	1
41691	1
41692	1
41693	1
41694	1
41760	0
41761	0
41762	0
41763	0
41764	0
41765	0
41766	0
41767	0
41768	1
41769	1
41770	1
41771	1
41772	1
41773	1
41774	1
41775	1
41842	0
41843	0
41844	0
41845	0
41846	0
41847	0
41848	0
41849	0
41850	1
41851	1
41852	1
41853	1
41854	1
41855	1
41856	1
41857	1
41922	0
41923	0
41924	0
41925	0
41926	0
41927	0
41928	0
41929	0
41930	1
41931	1
41932	1
41933	1
41934	1
41935	1
41936	1
41937	1
42003	0
42004	0
42005	0
42006	0
42007	0
42008	0
42009	0
42010	0
42011	1
42012	1
42013	1
42014	1
42015	1
42016	1
42017	1
42018	1
42019	1
42084	0
42085	0
42086	0
42087	0
42088	0
42089	0
42090	0
42091	0
42092	1
42093	1
42094	1
42095	1
42096	1
42097	1
42098	1
42099	1
42100	1
42101	1
42164	0
42165	0
42166	0
42167	0
42168	0
42169	0
42170	0
42171	0
42172	0
42173	1
42174	1
42175	1
42176	1
42177	1
42178	1
42179	1
42180	1
42181	1
42182	1
42245	0
42246	0
42247	0
42248	0
42249	0
42250	0
42251	0
42252	0
42253	0
42254	0
42255	1
42256	1
42257	1
42258	1
42259	1
42260	1
42261	1
42262	1
42263	1
42264	1
42326	0
42327	0
42328	0
42329	0
42330	0
42331	0
42332	0
42333	0
42334	0
42335	0
42336	1
42337	1
42338	1
42339	1
42340	1
42341	1
42342	1
42343	1
42344	1
42345	1
42406	0
42407	0
42408	0
42409	0
42410	0
42411	0
42412	0
42413	0
42414	0
42415	0
42416	1
42417	1
42418	1
42419	1
42420	1
42421	1
42422	1
42423	1
42424	1
42425	1
42426	1
42487	0
42488	0
42489	0
42490	0
42491	0
42492	0
42493	0
42494	0
42495	0
42496	1
42497	1
42498	1
42499	1
42500	1
42501	1
42502	1
42503	1
42504	1
42505	1
42506	1
42507	1
42508	1
42568	0
42569	0
42570	0
42571	0
42572	0
42573	0
42574	0
42575	0
42576	0
42577	0
42578	1
42579	1
42580	1
42581	1
42582	1
42583	1
42584	1
42585	1
42586	1
42587	1
42588	1
42589	1
42649	0
42650	0
42651	0
42652	0
42653	0
42654	0
42655	0
42656	0
42657	0
42658	0
42659	1
42660	1
42661	1
42662	1
42663	1
42664	1
42665	1
42666	1
42667	1
42668	1
42669	1
42670	1
42730	0
42731	0
42732	0
42733	0
42734	0
42735	0
42736	0
42737	0
42738	0
42739	0
42740	1
42741	1
42742	1
42743	1
42744	1
42745	1
42746	1
42747	1
42748	1
42749	1
42750	1
42751	1
42752	1
42811	0
42812	0
42813	0
42814	0
42815	0
42816	0
42817	0
42818	0
42819	0
42820	0
42821	1
42822	1
42823	1
42824	1
42825	1
42826	1
42827	1
42828	1
42829	1
42830	1
42831	1
42832	1
42833	1
42834	1
42891	0
42892	0
42893	0
42894	0
42895	0
42896	0
42897	0
42898	0
42899	0
42900	0
42901	1
42902	1
42903	1
42904	1
42905	1
42906	1
42907	1
42908	1
42909	1
42910	1
42911	1
42912	1
42913	1
42914	1
42915	1
42972	0
42973	0
42974	0
42975	0
42976	0
42977	0
42978	0
42979	0
42980	0
42981	0
42982	1
42983	1
42984	1
42985	1
42986	1
42987	1
42988	1
42989	1
42990	1
42991	1
42992	1
42993	1
42994	1
42995	1
42996	1
43053	0
43054	0
43055	0
43056	0
43057	0
43058	0
43059	0
43060	0
43061	0
43062	0
43063	1
43064	1
43065	1
43066	1
43067	1
43068	1
43069	1
43070	1
43071	1
43072	1
43073	1
43074	1
43075	1
43076	1
43077	1
43078	1
43134	0
43135	0
43136	0
43137	0
43138	0
43139	0
43140	0
43141	0
43142	0
43143	1
43144	1
43145	1
43146	1
43147	1
43148	1
43149	1
43150	1
43151	1
43152	1
43153	1
43154	1
43155	1
43156	1
43157	1
43215	0
43216	0
43217	0
43218	0
43219	0
43220	0
43221	0
43222	0
43223	0
43224	1
43225	1
43226	1
43227	1
43228	1
43229	1
43230	1
43231	1
43232	1
43233	1
43234	1
43235	1
43236	1
43237	1
43238	1
43239	1
43297	0
43298	0
43299	0
43300	0
43301	0
43302	0
43303	0
43304	0
43305	1
43306	1
43307	1
43308	1
43309	1
43310	1
43311	1
43312	1
43313	1
43314	1
43315	1
43316	1
43317	1
43318	1
43319	1
43320	1
43377	0
43378	0
43379	0
43380	0
43381	0
43382	0
43383	0
43384	0
43385	1
43386	1
43387	1
43388	1
43389	1
43390	1
43391	1
43392	1
43393	1
43394	1
43395	1
43396	1
43397	1
43398	1
43400	1
43458	0
43459	0
43460	0
43461	0
43462	0
43463	0
43464	0
43465	0
43466	1
43467	1
43468	1
43469	1
43470	1
43471	1
43472	1
43473	1
43474	1
43475	1
43476	1
43477	1
43478	1
43479	1
43480	1
43540	0
43541	0
43542	0
43543	0
43544	0
43545	0
43546	0
43547	0
43548	1
43549	1
43550	1
43551	1
43552	1
43553	1
43554	1
43555	1
43556	1
43557	1
43558	1
43559	1
43560	1
43561	1
43620	0
43621	0
43622	0
43623	0
43624	0
43625	0
43626	0
43627	0
43628	0
43629	1
43630	1
43631	1
43632	1
43633	1
43634	1
43635	1
43636	1
43637	1
43638	1
43639	1
43640	1
43641	1
43642	1
43702	0
43703	0
43704	0
43705	0
43706	0
43707	0
43708	0
43709	1
43710	1
43711	1
43712	1
43713	1
43714	1
43715	1
43716	1
43717	1
43718	1
43719	1
43720	1
43721	1
43722	1
43723	1
43783	0
43784	0
43785	0
43786	0
43787	0
43788	0
43789	0
43790	1
43791	1
43792	1
43793	1
43794	1
43795	1
43796	1
43797	1
43798	1
43799	1
43800	1
43801	1
43802	1
43803	1
43804	1
43805	1
43864	0
43865	0
43866	0
43867	0
43868	0
43869	0
43870	1
43871	1
43872	1
43873	1
43874	1
43875	1
43876	1
43877	1
43878	1
43879	1
43880	1
43881	1
43882	1
43883	1
43884	1
43885	1
43945	0
43946	0
43947	0
43948	0
43949	0
43950	0
43951	1
43952	1
43953	1
43954	1
43955	1
43956	1
43957	1
43958	1
43959	1
43960	1
43961	1
43962	1
43963	1
43964	1
43965	1
43966	1
43967	1
44027	0
44028	0
44029	0
44030	0
44031	0
44032	0
44033	1
44034	1
44035	1
44036	1
44037	1
44038	1
44039	1
44040	1
44041	1
44042	1
44043	1
44044	1
44045	1
44046	1
44047	1
44048	1
44107	0
44108	0
44109	0
44110	0
44111	0
44112	0
44113	1
44114	1
44115	1
44116	1
44117	1
44118	1
44119	1
44120	1
44121	1
44122	1
44123	1
44124	1
44125	1
44126	1
44127	1
44128	1
44189	0
44190	0
44191	0
44192	0
44193	0
44194	0
44195	1
44196	1
44197	1
44198	1
44199	1
44200	1
44201	1
44202	1
44203	1
44204	1
44205	1
44206	1
44207	1
44208	1
44209	1
44210	1
44270	0
44271	0
44272	0
44273	0
44274	0
44275	0
44276	1
44277	1
44278	1
44279	1
44280	1
44281	1
44282	1
44283	1
44284	1
44285	1
44286	1
44287	1
44288	1
44289	1
44290	1
44291	1
44292	1
44351	0
44352	0
44353	0
44354	0
44355	0
44356	1
44357	1
44358	1
44359	1
44360	1
44361	1
44362	1
44363	1
44364	1
44365	1
44366	1
44367	1
44368	1
44369	1
44370	1
44371	1
44372	1
44432	0
44433	0
44434	0
44435	0
44436	0
44437	0
44438	1
44439	1
44440	1
44441	1
44442	1
44443	1
44444	1
44445	1
44446	1
44447	1
44448	1
44449	1
44450	1
44451	1
44452	1
44453	1
44454	1
44514	0
44515	0
44516	0
44517	0
44518	0
44519	0
44520	1
44521	1
44522	1
44523	1
44524	1
44525	1
44526	1
44527	1
44528	1
44529	1
44530	1
44531	1
44532	1
44533	1
44534	1
44535	1
44594	0
44595	0
44596	0
44597	0
44598	0
44599	0
44600	1
44601	1
44602	1
44603	1
44604	1
44605	1
44606	1
44607	1
44608	1
44609	1
44610	1
44611	1
44612	1
44613	1
44614	1
44615	1
44616	1
44676	0
44677	0
44678	0
44679	0
44680	0
44681	0
44682	1
44683	1
44684	1
44685	1
44686	1
44687	1
44688	1
44689	1
44690	1
44691	1
44692	1
44693	1
44694	1
44695	1
44696	1
44697	1
44757	0
44758	0
44759	0
44760	0
44761	0
44762	0
44763	0
44764	0
44765	1
44766	1
44767	1
44768	1
44769	1
44770	1
44771	1
44772	1
44773	1
44774	1
44775	1
44776	1
44777	1
44778	1
44779	1
44838	0
44839	0
44840	0
44841	0
44842	0
44843	0
44844	0
44845	1
44846	1
44847	1
44848	1
44849	1
44850	1
44851	1
44852	1
44853	1
44854	1
44855	1
44856	1
44857	1
44858	1
44859	1
44919	0
44920	0
44921	0
44922	0
44923	0
44924	0
44925	0
44926	0
44927	1
44928	1
44929	1
44930	1
44931	1
44932	1
44933	1
44934	1
44935	1
44936	1
44937	1
44938	1
44939	1
44940	1
44941	1
45001	0
45002	0
45003	0
45004	0
45005	0
45006	0
45007	0
45008	0
45009	0
45010	1
45011	0
45012	1
45013	1
45014	1
45015	1
45016	1
45017	1
45018	1
45019	1
45020	1
45021	1
45022	1
45081	0
45082	0
45083	0
45084	0
45085	0
45086	0
45087	0
45088	0
45089	0
45090	1
45091	0
45092	0
45093	0
45094	1
45095	0
45096	1
45097	1
45098	1
45099	1
45100	1
45101	1
45102	1
45163	0
45164	0
45165	0
45166	0
45167	0
45168	0
45169	0
45170	0
45171	0
45172	0
45173	0
45174	0
45175	0
45176	0
45177	1
45178	1
45179	1
45180	1
45181	1
45182	1
45183	1
45184	1
45244	0
45245	0
45246	0
45247	0
45248	0
45249	0
45250	0
45251	0
45252	0
45253	0
45254	0
45255	0
45256	0
45257	0
45258	0
45259	0
45260	1
45261	1
45262	1
45263	1
45264	1
45265	1
45325	0
45326	0
45327	0
45328	0
45329	0
45330	0
45331	0
45332	0
45333	0
45334	0
45335	0
45336	0
45337	0
45338	0
45339	0
45340	1
45341	0
45342	1
45343	1
45344	1
45345	1
45346	1
45407	0
45408	0
45409	0
45410	0
45411	0
45412	0
45413	0
45414	0
45415	0
45416	0
45417	0
45418	0
45419	0
45420	0
45421	0
45422	0
45423	1
45424	1
45425	1
45426	1
45427	1
45488	0
45489	0
45490	0
45491	0
45492	0
45493	0
45494	0
45495	0
45496	0
45497	0
45498	0
45499	0
45500	0
45501	0
45502	0
45503	0
45504	0
45505	1
45506	1
45507	1
45508	1
45509	1
45569	0
45570	0
45571	0
45572	0
45573	0
45574	0
45575	0
45576	0
45577	0
45578	0
45579	0
45580	0
45581	0
45582	0
45583	0
45584	0
45585	0
45586	1
45587	1
45588	1
45589	1
45651	0
45652	0
45653	0
45654	0
45655	0
45656	0
45657	0
45658	0
45659	0
45660	0
45661	0
45662	0
45663	0
45664	0
45665	0
45666	0
45667	1
45668	1
45669	1
45670	1
45671	1
45733	0
45734	0
45735	0
45736	0
45737	0
45738	0
45739	0
45740	0
45741	0
45742	0
45743	0
45744	0
45745	0
45746	0
45747	0
45748	0
45749	0
45750	1
45751	1
45752	1
45753	1
45814	0
45815	0
45816	0
45817	0
45818	0
45819	0
45820	0
45821	0
45822	0
45823	0
45824	0
45825	0
45826	0
45827	0
45828	0
45829	0
45830	0
45831	1
45832	1
45833	1
45896	0
45897	0
45898	0
45899	0
45900	0
45901	0
45902	0
45903	0
45904	0
45905	0
45906	0
45907	0
45908	0
45909	0
45910	0
45911	0
45912	1
45913	1
45914	1
45915	1
45978	0
45979	0
45980	0
45981	0
45982	0
45983	0
45984	0
45985	0
45986	0
45987	0
45988	0
45989	0
45990	0
45991	0
45992	0
45993	0
45994	1
45995	1
45996	1
46059	0
46060	0
46061	0
46062	0
46063	0
46064	0
46065	0
46066	0
46067	0
46068	0
46069	0
46070	0
46071	0
46072	0
46073	0
46074	0
46075	1
46076	1
46141	0
46142	0
46143	0
46144	0
46145	0
46146	0
46147	0
46148	0
46149	0
46150	0
46151	0
46152	0
46153	0
46154	0
46155	0
46156	1
46157	1
46158	1
46161	1
46223	0
46224	0
46225	0
46226	0
46227	0
46228	0
46229	0
46230	0
46231	0
46232	0
46233	0
46234	0
46235	0
46236	0
46237	0
46238	1
46239	1
46242	1
46243	1
46304	0
46305	0
46306	0
46307	0
46308	0
46309	0
46310	0
46311	0
46312	0
46313	0
46314	0
46315	0
46316	0
46317	0
46318	0
46319	1
46320	1
46322	1
46323	1
46324	1
46386	0
46387	0
46388	0
46389	0
46390	0
46391	0
46392	0
46393	0
46394	0
46395	0
46396	0
46397	0
46398	0
46399	0
46400	1
46401	1
46402	1
46403	1
46404	1
46405	1
46406	1
46468	0
46469	0
46470	0
46471	0
46472	0
46473	0
46474	0
46475	0
46476	0
46477	0
46478	0
46479	0
46480	0
46481	0
46482	1
46483	1
46484	1
46485	1
46486	1
46487	1
46549	0
46550	0
46551	0
46552	0
46553	0
46554	0
46555	0
46556	0
46557	0
46558	0
46559	0
46560	0
46561	0
46562	0
46563	1
46564	1
46565	1
46566	1
46567	1
46568	1
46631	0
46632	0
46633	0
46634	0
46635	0
46636	0
46637	0
46638	0
46639	0
46640	0
46641	0
46642	0
46643	0
46644	1
46645	1
46646	1
46647	1
46648	1
46649	1
46713	0
46714	0
46715	0
46716	0
46717	0
46718	0
46719	0
46720	0
46721	0
46722	0
46723	0
46724	0
46725	0
46726	1
46727	1
46728	1
46729	1
46730	1
46731	1
46794	0
46795	0
46796	0
46797	0
46798	0
46799	0
46800	0
46801	0
46802	0
46803	0
46804	0
46805	0
46806	0
46807	1
46808	1
46809	1
46810	1
46811	1
46875	0
46876	0
46877	0
46878	0
46879	0
46880	0
46881	0
46882	0
46883	0
46884	0
46885	0
46886	0
46887	0
46888	1
46889	1
46890	1
46891	1
46892	1
46893	1
46956	0
46957	0
46958	0
46959	0
46960	0
46961	0
46963	0
46964	0
46965	0
46966	0
46967	0
46968	0
46969	1
46970	1
46971	1
46972	1
46973	1
46974	1
47036	0
47037	0
47038	0
47039	0
47040	0
47041	0
47042	0
47043	0
47044	0
47045	0
47046	0
47047	0
47048	0
47049	1
47050	1
47051	1
47052	1
47053	1
47054	1
47055	1
47117	0
47118	0
47119	0
47120	0
47121	0
47122	0
47123	0
47124	0
47125	0
47126	0
47127	0
47128	0
47129	0
47130	0
47131	1
47132	1
47133	1
47134	1
47135	1
47136	1
47198	0
47199	0
47200	0
47201	0
47202	0
47203	0
47204	0
47205	0
47206	0
47207	0
47208	0
47209	0
47210	0
47211	0
47212	0
47213	1
47214	1
47215	1
47216	1
47217	1
47218	1
47278	0
47279	0
47280	0
47281	0
47282	0
47283	0
47284	0
47285	0
47286	0
47287	0
47288	0
47289	0
47290	0
47291	0
47292	0
47293	1
47294	1
47295	1
47296	1
47297	1
47298	1
47299	1
47359	0
47360	0
47361	0
47362	0
47363	0
47364	0
47365	0
47366	0
47367	0
47368	0
47369	0
47370	0
47371	0
47372	0
47373	0
47374	1
47375	1
47376	1
47377	1
47378	1
47379	1
47380	1
47440	0
47441	0
47442	0
47443	0
47444	0
47445	0
47446	0
47447	0
47448	0
47449	0
47450	0
47451	0
47452	0
47453	0
47454	0
47455	0
47456	1
47457	1
47458	1
47459	1
47460	1
47461	1
47520	0
47521	0
47522	0
47523	0
47524	0
47525	0
47526	0
47527	0
47528	0
47529	0
47530	0
47531	0
47532	0
47533	0
47534	0
47535	0
47536	1
47537	1
47538	1
47539	1
47540	1
47541	1
47542	1
47602	0
47603	0
47604	0
47605	0
47606	0
47607	0
47608	0
47609	0
47610	0
47611	0
47612	0
47613	0
47614	0
47615	0
47616	0
47617	0
47618	1
47619	1
47620	1
47621	1
47622	1
47623	1
47624	1
47683	0
47684	0
47685	0
47686	0
47687	0
47688	0
47689	0
47690	0
47691	0
47692	0
47693	0
47694	0
47695	0
47696	0
47697	0
47698	0
47699	1
47700	1
47701	1
47702	1
47703	1
47704	1
47705	1
47706	1
47763	0
47764	0
47765	0
47766	0
47767	0
47768	0
47769	0
47770	0
47771	0
47772	0
47773	0
47774	0
47775	0
47776	0
47777	0
47778	0
47779	1
47780	1
47781	1
47782	1
47783	1
47784	1
47785	1
47786	1
47844	0
47845	0
47846	0
47847	0
47848	0
47849	0
47850	0
47851	0
47852	0
47853	0
47854	0
47855	0
47856	0
47857	0
47858	0
47859	0
47860	0
47861	1
47862	1
47863	1
47864	1
47865	1
47866	1
47867	1
47868	1
47925	0
47926	0
47927	0
47928	0
47929	0
47930	0
47931	0
47932	0
47933	0
47934	0
47935	0
47936	0
47937	0
47938	0
47939	0
47940	0
47941	0
47942	1
47943	1
47944	1
47945	1
47946	1
47947	1
47948	1
47949	1
48005	0
48006	0
48007	0
48008	0
48009	0
48010	0
48011	0
48012	0
48013	0
48014	0
48015	0
48016	0
48017	0
48018	0
48019	0
48020	0
48021	0
48022	0
48023	1
48024	1
48025	1
48026	1
48027	1
48028	1
48029	1
48030	1
48086	0
48087	0
48088	0
48089	0
48090	0
48091	0
48092	0
48093	0
48094	0
48095	0
48096	0
48097	0
48098	0
48099	0
48100	0
48101	0
48102	0
48103	0
48104	1
48105	1
48106	1
48107	1
48108	1
48109	1
48110	1
48111	1
48167	0
48168	0
48169	0
48170	0
48171	0
48172	0
48173	0
48174	0
48175	0
48176	0
48177	0
48178	0
48179	0
48180	0
48181	0
48182	0
48183	0
48184	0
48185	0
48186	1
48187	1
48188	1
48189	1
48190	1
48191	1
48192	1
48193	1
48248	0
48249	0
48250	0
48251	0
48252	0
48253	0
48254	0
48255	0
48256	0
48257	0
48258	0
48259	0
48260	0
48261	0
48262	0
48263	0
48264	0
48265	0
48266	1
48267	1
48268	1
48269	1
48270	1
48271	1
48272	1
48273	1
48274	1
48329	0
48330	0
48331	0
48332	0
48333	0
48334	0
48335	0
48336	0
48337	0
48338	1
48339	0
48340	0
48341	0
48342	0
48343	0
48344	0
48345	0
48346	0
48347	0
48348	1
48349	1
48350	1
48351	1
48352	1
48353	1
48354	1
48355	1
48411	0
48412	0
48413	0
48414	0
48415	0
48416	0
48417	0
48418	0
48419	1
48420	0
48421	0
48422	0
48423	0
48424	0
48425	0
48426	0
48427	0
48428	0
48429	1
48430	1
48431	1
48432	1
48433	1
48434	1
48435	1
48436	1
48437	1
48491	0
48492	0
48493	0
48494	0
48495	0
48496	0
48497	0
48498	0
48499	0
48500	1
48501	0
48502	0
48503	0
48504	0
48505	0
48506	0
48507	0
48508	0
48509	0
48510	1
48511	1
48512	1
48513	1
48514	1
48515	1
48516	1
48517	1
48518	1
48573	0
48574	0
48575	0
48576	0
48577	0
48578	0
48579	0
48580	0
48581	1
48582	1
48583	0
48584	0
48585	0
48586	0
48587	0
48588	0
48589	0
48590	0
48591	1
48592	1
48593	1
48594	1
48595	1
48596	1
48597	1
48598	1
48599	1
48600	1
48654	0
48655	0
48656	0
48657	0
48658	0
48659	0
48660	0
48661	0
48662	1
48663	1
48664	0
48665	0
48666	0
48667	0
48668	0
48669	0
48670	0
48671	0
48672	1
48673	1
48674	1
48675	1
48676	1
48677	1
48678	1
48679	1
48680	1
48681	1
48682	1
48735	0
48736	0
48737	0
48738	0
48739	0
48740	0
48741	0
48742	1
48743	1
48744	1
48745	0
48746	0
48747	0
48748	0
48749	0
48750	0
48751	0
48752	1
48753	1
48754	1
48755	1
48756	1
48757	1
48758	1
48759	1
48760	1
48761	1
48762	1
48763	1
48816	0
48817	0
48818	0
48819	0
48820	0
48821	0
48822	0
48823	1
48824	1
48825	1
48826	1
48827	0
48828	0
48829	0
48830	0
48831	0
48832	0
48833	1
48834	1
48835	1
48836	1
48837	1
48838	1
48839	1
48840	1
48841	1
48842	1
48843	1
48844	1
48898	0
48899	0
48900	0
48901	0
48902	0
48903	0
48904	1
48905	1
48906	1
48907	1
48908	0
48909	0
48910	0
48911	0
48912	0
48913	0
48914	1
48915	1
48916	1
48917	1
48918	1
48919	1
48920	1
48921	1
48922	1
48923	1
48924	1
48925	1
48978	0
48979	0
48980	0
48981	0
48982	0
48983	0
48984	1
48985	1
48986	1
48987	1
48988	1
48989	1
48990	0
48991	0
48992	0
48993	0
48994	1
48995	1
48996	1
48997	1
48998	1
48999	1
49000	1
49001	1
49002	1
49003	1
49004	1
49005	1
49006	1
49060	0
49061	0
49062	0
49063	0
49064	0
49065	1
49066	1
49067	1
49068	1
49069	1
49070	1
49071	1
49072	0
49073	0
49074	0
49075	0
49076	1
49077	1
49078	1
49079	1
49080	1
49081	1
49082	1
49083	1
49084	1
49085	1
49086	1
49087	1
49141	0
49142	0
49143	0
49144	0
49145	0
49146	0
49147	1
49148	1
49149	1
49150	1
49151	1
49152	1
49153	0
49154	0
49155	1
49156	0
49157	1
49158	1
49159	1
49160	1
49161	1
49162	1
49163	1
49164	1
49165	1
49166	1
49167	1
49168	1
49222	0
49223	0
49224	0
49225	0
49226	0
49227	0
49228	1
49229	1
49230	1
49231	1
49232	1
49233	1
49234	0
49235	1
49236	0
49237	1
49238	1
49239	1
49240	1
49241	1
49242	1
49243	1
49244	1
49245	1
49246	1
49247	1
49248	1
49249	1
49303	0
49304	0
49305	0
49306	0
49307	0
49308	0
49309	1
49310	1
49311	1
49312	1
49313	1
49314	1
49315	1
49316	1
49317	1
49318	1
49319	1
49320	1
49321	1
49322	1
49323	1
49324	1
49325	1
49326	1
49327	1
49328	1
49329	1
49330	1
49385	0
49386	0
49387	0
49388	0
49389	0
49390	1
49391	1
49392	1
49393	1
49394	1
49395	1
49396	1
49397	0
49398	1
49399	1
49400	1
49401	1
49402	1
49403	1
49404	1
49405	1
49406	1
49407	1
49408	1
49409	1
49410	1
49411	1
49465	0
49466	0
49467	0
49468	0
49469	0
49470	0
49471	1
49472	1
49473	1
49474	1
49475	1
49476	1
49477	1
49478	1
49479	1
49480	1
49481	1
49482	1
49483	1
49484	1
49485	1
49486	1
49487	1
49488	1
49489	1
49490	1
49491	1
49492	1
49547	0
49548	0
49549	0
49550	0
49551	0
49552	1
49553	1
49554	1
49555	1
49556	1
49557	1
49558	1
49559	1
49560	1
49561	1
49562	1
49563	1
49564	1
49565	1
49566	1
49567	1
49568	1
49569	1
49570	1
49571	1
49572	1
49573	1
49628	0
49629	0
49630	0
49631	0
49632	0
49633	0
49634	1
49635	1
49636	1
49637	1
49638	1
49639	1
49640	1
49641	1
49642	1
49643	1
49644	1
49645	1
49646	1
49647	1
49648	1
49649	1
49650	1
49651	1
49652	1
49653	1
49654	1
49709	0
49710	0
49711	0
49712	0
49713	0
49714	0
49715	1
49716	1
49717	1
49718	1
49719	1
49720	1
49721	1
49722	1
49723	1
49724	1
49725	1
49726	1
49727	1
49728	1
49729	1
49730	1
49731	1
49732	1
49733	1
49734	1
49735	1
49790	0
49791	0
49792	0
49793	0
49794	0
49795	0
49796	1
49797	1
49798	1
49799	1
49800	1
49801	1
49802	1
49803	1
49804	1
49805	1
49806	1
49807	1
49808	1
49809	1
49810	1
49811	1
49812	1
49813	1
49814	1
49815	1
49816	1
49872	0
49873	0
49874	0
49875	0
49876	0
49877	0
49878	1
49879	1
49880	1
49881	1
49882	1
49883	1
49884	1
49885	1
49886	1
49887	1
49888	1
49889	1
49890	1
49891	1
49892	1
49893	1
49894	1
49895	1
49896	1
49897	1
49952	0
49953	0
49954	0
49955	0
49956	0
49957	0
49958	0
49959	1
49960	1
49961	1
49962	1
49963	1
49964	1
49965	1
49966	1
49967	1
49968	1
49969	1
49970	1
49971	1
49972	1
49973	1
49974	1
49975	1
49976	1
49977	1
49978	1
50034	0
50035	0
50036	0
50037	0
50038	0
50039	0
50040	1
50041	1
50042	1
50043	1
50044	1
50045	1
50046	1
50047	1
50048	1
50049	1
50050	1
50051	1
50052	1
50053	1
50054	1
50055	1
50056	1
50057	1
50058	1
50059	1
50115	0
50116	0
50117	0
50118	0
50119	0
50120	0
50121	1
50122	1
50123	1
50124	1
50125	1
50126	1
50127	1
50128	1
50129	1
50130	1
50131	1
50132	1
50133	1
50134	1
50135	1
50136	1
50137	1
50138	1
50139	1
50140	1
50196	0
50197	0
50198	0
50199	0
50200	0
50201	0
50202	1
50203	1
50204	1
50205	1
50206	1
50207	1
50208	1
50209	1
50210	1
50211	1
50212	1
50213	1
50214	1
50215	1
50216	1
50217	1
50218	1
50219	1
50220	1
50221	1
50277	0
50278	0
50279	0
50280	0
50281	0
50282	0
50283	1
50284	1
50285	1
50286	1
50287	1
50288	1
50289	1
50290	1
50291	1
50292	1
50293	1
50294	1
50295	1
50296	1
50297	1
50298	1
50299	1
50300	1
50301	1
50302	1
50359	0
50360	0
50361	0
50362	0
50363	0
50364	0
50365	1
50366	1
50367	1
50368	1
50369	1
50370	1
50371	1
50372	1
50373	1
50374	1
50375	1
50376	1
50377	1
50378	1
50379	1
50380	1
50381	1
50382	1
50383	1
50439	0
50440	0
50441	0
50442	0
50443	0
50444	0
50445	0
50446	1
50447	1
50448	1
50449	1
50450	1
50451	1
50452	1
50453	1
50454	1
50455	1
50456	1
50457	1
50458	1
50459	1
50460	1
50461	1
50462	1
50463	1
50464	1
50521	0
50522	0
50523	0
50524	0
50525	0
50526	0
50527	1
50528	1
50529	1
50530	1
50531	1
50532	1
50533	1
50534	1
50535	1
50536	1
50537	1
50538	1
50539	1
50540	1
50541	1
50542	1
50543	1
50544	1
50545	1
50603	0
50604	0
50605	0
50606	0
50607	0
50608	0
50609	1
50610	1
50611	1
50612	1
50613	1
50614	1
50615	1
50616	1
50617	1
50618	1
50619	1
50620	1
50621	1
50622	1
50623	1
50624	1
50625	1
50626	1
50683	0
50684	0
50685	0
50686	0
50687	0
50688	0
50689	0
50690	1
50691	1
50692	1
50693	1
50694	1
50695	1
50696	1
50697	1
50698	1
50699	1
50700	1
50701	1
50702	1
50703	1
50704	1
50705	1
50706	1
50707	1
50765	0
50766	0
50767	0
50768	0
50769	0
50770	0
50771	1
50772	1
50773	1
50774	1
50775	1
50776	1
50777	1
50778	1
50779	1
50780	1
50781	1
50782	1
50783	1
50784	1
50785	1
50786	1
50787	1
50788	1
50846	0
50847	0
50848	0
50849	0
50850	0
50851	0
50852	0
50853	1
50854	1
50855	1
50856	1
50857	1
50858	1
50859	1
50860	1
50861	1
50862	1
50863	1
50864	1
50865	1
50866	1
50867	1
50868	1
50869	1
50927	0
50928	0
50929	0
50930	0
50931	0
50932	0
50933	1
50934	1
50935	1
50936	1
50937	1
50938	1
50939	1
50940	1
50941	1
50942	1
50943	1
50944	1
50945	1
50946	1
50947	1
50948	1
50949	1
50950	1
51008	0
51009	0
51010	0
51011	0
51012	0
51013	0
51014	0
51015	1
51016	1
51017	1
51018	1
51019	1
51020	1
51021	1
51022	1
51023	1
51024	1
51025	1
51026	1
51027	1
51028	1
51029	1
51030	1
51031	1
51090	0
51091	0
51092	0
51093	0
51094	0
51095	0
51096	0
51097	1
51098	1
51099	1
51100	1
51101	1
51102	1
51103	1
51104	1
51105	1
51106	1
51107	1
51108	1
51109	1
51110	1
51111	1
51112	1
51170	0
51171	0
51172	0
51173	0
51174	0
51175	0
51176	0
51177	1
51178	1
51179	1
51180	1
51181	1
51182	1
51183	1
51184	1
51185	1
51186	1
51187	1
51188	1
51189	1
51190	1
51191	1
51192	1
51193	1
51252	0
51253	0
51254	0
51255	0
51256	0
51257	0
51258	1
51259	1
51260	1
51261	1
51262	1
51263	1
51264	1
51265	1
51266	1
51267	1
51268	1
51269	1
51270	1
51271	1
51272	1
51273	1
51274	1
51334	0
51335	0
51336	0
51337	0
51338	0
51339	0
51340	1
51341	1
51342	1
51343	1
51344	1
51345	1
51346	1
51347	1
51348	1
51349	1
51350	1
51351	1
51352	1
51353	1
51354	1
51355	1
51414	0
51415	0
51416	0
51417	0
51418	0
51419	0
51420	1
51421	1
51422	1
51423	1
51424	1
51425	1
51426	1
51427	1
51428	1
51429	1
51430	1
51431	1
51432	1
51433	1
51434	1
51435	1
51436	1
51496	0
51497	0
51498	0
51499	0
51500	0
51501	0
51502	1
51503	1
51504	1
51505	1
51506	1
51507	1
51508	1
51509	1
51510	1
51511	1
51512	1
51513	1
51514	1
51515	1
51516	1
51517	1
51578	0
51579	0
51580	0
51581	0
51582	0
51583	0
51584	1
51585	1
51586	1
51587	1
51588	1
51589	1
51590	1
51591	1
51592	1
51593	1
51594	1
51595	1
51596	1
51597	1
51598	1
51658	0
51659	0
51660	0
51661	0
51662	0
51663	0
51664	1
51665	1
51666	1
51667	1
51668	1
51669	1
51670	1
51671	1
51672	1
51673	1
51674	1
51675	1
51676	1
51677	1
51678	1
51679	1
51740	0
51741	0
51742	0
51743	0
51744	0
51745	1
51746	1
51747	1
51748	1
51749	1
51750	1
51751	1
51752	1
51753	1
51754	1
51755	1
51756	1
51757	1
51758	1
51759	1
51760	1
51821	0
51822	0
51823	0
51824	0
51825	0
51826	0
51827	1
51828	1
51829	1
51830	1
51831	1
51832	1
51833	1
51834	1
51835	1
51836	1
51837	1
51838	1
51839	1
51840	1
51841	1
51902	0
51903	0
51904	0
51905	0
51906	0
51907	1
51908	1
51909	1
51910	1
51911	1
51912	1
51913	1
51914	1
51915	1
51916	1
51917	1
51918	1
51919	1
51920	1
51921	1
51922	1
51983	0
51984	0
51985	0
51986	0
51987	0
51988	0
51989	1
51990	1
51991	1
51992	1
51993	1
51994	1
51995	1
51996	1
51997	1
51998	1
51999	1
52000	1
52001	1
52002	1
52003	1
52065	0
52066	0
52067	0
52068	0
52069	0
52070	0
52071	1
52072	1
52073	1
52074	1
52075	1
52076	1
52077	1
52078	1
52079	1
52080	1
52081	1
52082	1
52083	1
52084	1
52145	0
52146	0
52147	0
52148	0
52149	0
52150	0
52151	1
52152	1
52153	1
52154	1
52155	1
52156	1
52157	1
52158	1
52159	1
52160	1
52161	1
52162	1
52163	1
52164	1
52165	1
52227	0
52228	0
52229	0
52230	0
52231	0
52232	0
52233	1
52234	1
52235	1
52236	1
52237	1
52238	1
52239	1
52240	1
52241	1
52242	1
52243	1
52244	1
52245	1
52246	1
52308	0
52309	0
52310	0
52311	0
52312	0
52313	0
52314	0
52315	1
52316	1
52317	1
52318	1
52319	1
52320	1
52321	1
52322	1
52323	1
52324	1
52325	1
52326	1
52327	1
52389	0
52390	0
52391	0
52392	0
52393	0
52394	0
52395	1
52396	1
52397	1
52398	1
52399	1
52400	1
52401	1
52402	1
52403	1
52404	1
52405	1
52406	1
52407	1
52408	1
52470	0
52471	0
52472	0
52473	0
52474	0
52475	0
52476	1
52477	1
52478	1
52479	1
52480	1
52481	1
52482	1
52483	1
52484	1
52485	1
52486	1
52487	1
52488	1
52489	1
52552	0
52553	0
52554	0
52555	0
52556	0
52557	0
52558	1
52559	1
52560	1
52561	1
52562	1
52563	1
52564	1
52565	1
52566	1
52567	1
52568	1
52569	1
52570	1
52632	0
52633	0
52634	0
52635	0
52636	0
52637	0
52638	1
52639	1
52640	1
52641	1
52642	1
52643	1
52644	1
52645	1
52646	1
52647	1
52648	1
52649	1
52650	1
52651	1
52714	0
52715	0
52716	0
52717	0
52718	0
52719	0
52720	1
52721	1
52722	1
52723	1
52724	1
52725	1
52726	1
52727	1
52728	1
52729	1
52730	1
52731	1
52732	1
52795	0
52796	0
52797	0
52798	0
52799	0
52800	0
52801	0
52802	1
52803	1
52804	1
52805	1
52806	1
52807	1
52808	1
52809	1
52810	1
52811	1
52812	1
52813	1
52876	0
52877	0
52878	0
52879	0
52880	0
52881	0
52882	1
52883	1
52884	1
52885	1
52886	1
52887	1
52888	1
52889	1
52890	1
52891	1
52892	1
52893	1
52894	1
52958	0
52959	0
52960	0
52961	0
52962	0
52963	0
52964	1
52965	1
52966	1
52967	1
52968	1
52969	1
52970	1
52971	1
52972	1
52973	1
52974	1
52975	1
53039	0
53040	0
53041	0
53042	0
53043	0
53044	0
53045	0
53046	1
53047	1
53048	1
53049	1
53050	1
53051	1
53052	1
53053	1
53054	1
53055	1
53056	1
53120	0
53121	0
53122	0
53123	0
53124	0
53125	0
53126	0
53127	1
53128	1
53129	1
53130	1
53131	1
53132	1
53133	1
53134	1
53135	1
53136	1
53137	1
53201	0
53202	0
53203	0
53204	0
53205	0
53206	0
53207	0
53208	1
53209	1
53210	1
53211	1
53212	1
53213	1
53214	1
53215	1
53216	1
53217	1
53218	1
53283	0
53284	0
53285	0
53286	0
53287	0
53288	0
53289	0
53290	1
53291	1
53292	1
53293	1
53294	1
53295	1
53296	1
53297	1
53298	1
53299	1
53363	0
53364	0
53365	0
53366	0
53367	0
53368	0
53369	0
53370	0
53371	1
53372	1
53373	1
53374	1
53375	1
53376	1
53377	1
53378	1
53379	1
53380	1
53445	0
53446	0
53447	0
53448	0
53449	0
53450	0
53451	0
53452	1
53453	1
53454	1
53455	1
53456	1
53457	1
53458	1
53459	1
53460	1
53461	1
53526	0
53527	0
53528	0
53529	0
53530	0
53531	0
53532	0
53533	0
53534	1
53535	1
53536	1
53537	1
53538	1
53539	1
53540	1
53541	1
53542	1
53607	0
53608	0
53609	0
53610	0
53611	0
53612	0
53613	0
53614	0
53615	0
53616	1
53617	1
53618	1
53619	1
53620	1
53621	1
53622	1
53623	1
53689	0
53690	0
53691	0
53692	0
53693	0
53694	0
53695	0
53696	0
53697	0
53698	1
53699	1
53700	1
53701	1
53702	1
53703	1
53704	1
53770	0
53771	0
53772	0
53773	0
53774	0
53775	0
53776	0
53777	0
53778	0
53779	1
53780	1
53781	1
53782	1
53783	1
53784	1
53785	1
53851	0
53852	0
53853	0
53854	0
53855	0
53856	0
53857	0
53858	0
53859	0
53860	1
53861	1
53862	1
53863	1
53864	1
53865	1
53866	1
53933	0
53934	0
53935	0
53936	0
53937	0
53938	0
53939	0
53940	0
53941	0
53942	0
53943	1
53944	1
53945	1
53946	1
53947	1
54015	0
54016	0
54017	0
54018	0
54019	0
54020	0
54021	0
54022	0
54023	0
54024	0
54025	1
54026	1
54027	1
54028	1
54095	0
54096	0
54097	0
54098	0
54099	0
54100	0
54101	0
54102	0
54103	0
54104	0
54105	1
54106	1
54107	1
54108	1
54109	1
54177	0
54178	0
54179	0
54180	0
54181	0
54182	0
54183	0
54184	0
54185	0
54186	0
54187	1
54188	1
54189	1
54190	1
54259	0
54260	0
54261	0
54262	0
54263	0
54264	0
54265	0
54266	0
54267	0
54268	0
54269	1
54270	1
54271	1
54339	0
54340	0
54341	0
54342	0
54343	0
54344	0
54345	0
54346	0
54347	0
54348	0
54349	0
54350	1
54351	1
54352	1
54421	0
54422	0
54423	0
54424	0
54425	0
54426	0
54427	0
54428	0
54429	0
54430	0
54431	1
54432	0
54433	1
54503	0
54504	0
54505	0
54506	0
54507	0
54508	0
54509	0
54510	0
54511	0
54512	0
54513	0
54514	1
54584	0
54585	0
54586	0
54587	0
54588	0
54589	0
54590	0
54591	0
54592	0
54593	0
54594	0
54595	1
54666	0
54667	0
54668	0
54669	0
54670	0
54671	0
54672	0
54673	0
54674	0
54675	0
54676	0
54748	0
54749	0
54750	0
54751	0
54752	0
54753	0
54754	0
54755	0
54757	0
54829	0
54830	0
54831	0
54832	0
54833	0
54834	0
54835	0
54836	0
54837	0
54838	0
54911	0
54912	0
54913	0
54914	0
54915	0
54916	0
54917	0
54918	0
54919	0
54992	0
54993	0
54994	0
54995	0
54996	0
54997	0
54998	0
54999	0
55000	0
55073	0
55074	0
55075	0
55076	0
55077	0
55078	0
55079	0
55080	0
55081	0
55154	0
55155	0
55156	0
55157	0
55158	0
55159	0
55160	0
55161	0
55162	0
55236	0
55237	0
55238	0
55239	0
55240	0
55241	0
55242	0
55243	0
55316	0
55317	0
55318	0
55319	0
55320	0
55321	0
55322	0
55323	0
55324	1
55397	0
55398	0
55399	0
55400	0
55401	0
55402	0
55403	0
55404	0
55405	0
55478	0
55479	0
55480	0
55481	0
55482	0
55483	0
55484	0
55485	0
55486	0
55558	0
55559	0
55560	0
55561	0
55562	0
55563	0
55564	0
55565	0
55566	0
55567	1
55640	0
55641	0
55642	0
55643	0
55644	0
55645	0
55646	0
55647	0
55648	1
55721	0
55722	0
55723	0
55724	0
55725	0
55726	0
55727	0
55728	1
55729	0
55802	0
55803	0
55804	0
55805	0
55806	0
55807	0
55808	0
55809	1
55810	1
55883	0
55884	0
55885	0
55886	0
55887	0
55888	0
55889	0
55890	1
55891	1
55965	0
55966	0
55967	0
55968	0
55969	0
55970	0
55971	0
55972	1
56045	0
56046	0
56047	0
56048	0
56049	0
56050	0
56051	0
56052	1
56053	1
56127	0
56128	0
56129	0
56130	0
56131	0
56132	0
56133	0
56134	1
56208	0
56209	0
56210	0
56211	0
56212	0
56213	0
56214	0
56215	1
56288	0
56289	0
56291	0
56292	0
56293	0
56294	0
56295	1
56296	1
56369	0
56370	0
56372	0
56373	0
56374	0
56375	0
56376	1
56377	1
56450	0
56451	0
56453	0
56454	0
56455	0
56456	0
56457	1
56458	1
56531	0
56532	0
56533	0
56534	0
56535	0
56536	0
56537	0
56538	1
56539	1
56612	0
56613	0
56614	0
56615	0
56616	0
56617	0
56618	0
56619	1
56620	1
56694	0
56695	0
56696	0
56697	0
56698	0
56699	0
56700	0
56701	1
56774	0
56775	0
56776	0
56777	0
56778	0
56779	0
56780	0
56781	0
56782	1
56856	0
56857	0
56858	0
56859	0
56860	0
56861	0
56862	0
56863	1
56937	0
56938	0
56939	0
56940	0
56941	0
56942	0
56943	0
56944	1
57018	0
57019	0
57020	0
57021	0
57022	0
57023	0
57024	1
57025	1
57099	0
57100	0
57101	0
57102	0
57103	0
57104	0
57105	0
57106	1
57181	0
57182	0
57183	0
57184	0
57185	0
57186	0
57187	1
57261	0
57262	0
57263	0
57264	0
57265	0
57266	0
57267	1
57268	1
57343	0
57344	0
57345	0
57346	0
57347	0
57348	1
57349	1
57424	0
57425	0
57426	0
57427	0
57428	0
57429	0
57430	1
57504	0
57505	0
57506	0
57507	0
57508	0
57509	0
57510	1
57511	1
57585	0
57586	0
57587	0
57588	0
57589	0
57590	0
57591	0
57592	1
57667	0
57668	0
57669	0
57670	0
57671	0
57672	0
57673	0
57747	0
57748	0
57749	0
57750	0
57751	0
57752	0
57753	0
57754	1
57829	0
57830	0
57831	0
57832	0
57833	0
57834	0
57835	1
57910	0
57911	0
57912	0
57913	0
57914	0
57915	0
57916	0
57991	0
57992	0
57993	0
57994	0
57995	0
57996	0
57997	1
58072	0
58073	0
58074	0
58075	0
58076	0
58077	0
58078	0
58154	0
58155	0
58156	0
58157	0
58158	0
58159	0
58234	0
58235	0
58236	0
58237	0
58238	0
58239	0
58240	0
58316	0
58317	0
58318	0
58319	0
58320	0
58321	0
58397	0
58398	0
58399	0
58400	0
58401	0
58402	0
58478	0
58479	0
58480	0
58481	0
58482	0
58483	1
58559	0
58560	0
58561	0
58562	0
58563	0
58564	0
58641	0
58642	0
58643	0
58644	0
58645	0
58722	0
58723	0
58724	0
58725	0
58726	0
58804	0
58805	0
58806	0
58807	0
58886	0
58887	0
58888	0
58968	0
58969	0
59050	0
59052	0
59053	0
59054	1
59055	1
59056	1
59057	1
59058	1
59059	1
59060	1
59061	1
59062	1
59063	1
59064	1
59065	1
59066	1
59067	1
59068	0
59069	1
59070	1
59071	1
59072	1
59073	1
59074	1
59075	1
59076	1
59077	1
59078	1
59079	1
59080	1
59081	1
59082	1
59083	1
59084	1
59085	1
59086	1
59087	1
59088	1
59089	1
59090	1
59091	1
59092	1
59093	1
59132	0
59133	0
59134	1
59135	1
59136	1
59137	1
59138	1
59139	1
59140	1
59141	1
59142	1
59143	1
59144	1
59145	1
59146	1
59147	1
59148	1
59149	1
59150	1
59151	1
59152	1
59153	1
59154	1
59155	1
59156	1
59157	1
59158	1
59159	1
59160	1
59161	1
59162	1
59163	1
59164	1
59165	1
59166	1
59167	1
59168	1
59169	1
59171	1
59172	1
59173	1
59214	1
59215	1
59216	1
59217	1
59218	1
59219	1
59220	1
59221	1
59222	1
59223	1
59224	1
59225	1
59226	1
59227	1
59228	1
59229	1
59230	1
59231	1
59232	1
59233	1
59234	1
59235	1
59236	1
59237	1
59238	1
59239	1
59240	1
59241	1
59242	1
59243	1
59244	1
59245	1
59246	1
59247	1
59251	1
59252	1
59253	1
59254	1
59296	1
59297	1
59298	1
59299	1
59300	1
59301	1
59302	1
59303	1
59304	1
59305	1
59306	1
59307	1
59308	1
59309	1
59310	1
59311	1
59312	1
59313	1
59314	1
59315	1
59316	1
59317	1
59318	1
59319	1
59321	1
59322	1
59323	1
59324	1
59332	1
59333	1
59334	1
59335	1
59336	1
59376	1
59377	1
59378	1
59379	1
59380	1
59381	1
59382	1
59383	1
59384	1
59385	1
59386	1
59387	1
59388	1
59389	1
59390	1
59391	1
59392	1
59393	1
59394	1
59395	1
59396	1
59397	1
59398	1
59399	1
59403	1
59404	1
59413	1
59414	1
59415	1
59416	1
59458	1
59459	1
59460	1
59461	1
59462	1
59463	1
59464	1
59465	1
59466	1
59467	1
59468	1
59469	1
59470	1
59471	1
59472	1
59473	1
59474	1
59475	1
59476	1
59477	1
59478	1
59479	1
59480	1
59494	1
59495	1
59496	1
59497	1
59540	1
59541	1
59542	1
59543	1
59544	1
59545	1
59546	1
59547	1
59548	1
59549	1
59550	1
59551	1
59552	1
59553	1
59554	1
59555	1
59556	1
59557	1
59558	1
59561	1
59576	1
59577	1
59578	1
59579	1
59621	1
59622	1
59623	1
59624	1
59625	1
59626	1
59627	1
59628	1
59629	1
59630	1
59631	1
59632	1
59633	1
59634	1
59635	1
59636	1
59637	1
59638	1
59656	0
59657	1
59658	1
59659	1
59702	1
59703	1
59704	1
59705	1
59706	1
59707	1
59708	1
59709	1
59710	1
59711	1
59712	1
59713	1
59714	1
59715	1
59716	1
59717	1
59718	1
59719	1
59736	0
59737	0
59738	0
59739	1
59740	1
59741	1
59784	1
59785	1
59786	1
59787	1
59788	1
59789	1
59790	1
59791	1
59792	1
59793	1
59794	1
59795	1
59796	1
59797	1
59798	1
59799	1
59800	1
59816	0
59817	0
59818	0
59819	0
59820	0
59821	0
59822	1
59865	1
59866	1
59867	1
59868	1
59869	1
59870	1
59871	1
59872	1
59873	1
59874	1
59875	1
59876	1
59877	1
59878	1
59879	1
59880	1
59881	1
59895	0
59896	0
59897	0
59898	0
59899	0
59900	0
59901	0
59902	0
59903	1
59946	1
59947	1
59948	1
59949	1
59950	1
59951	1
59952	1
59953	1
59954	1
59955	1
59956	1
59957	1
59958	1
59959	1
59960	1
59961	1
59976	0
59977	0
59978	0
59979	0
59980	0
59981	0
59982	0
59983	0
59984	0
59985	1
60028	1
60029	1
60030	1
60031	1
60032	1
60033	1
60034	1
60035	1
60036	1
60037	1
60038	1
60039	1
60040	1
60041	1
60042	1
60058	0
60059	0
60060	0
60061	0
60062	0
60063	0
60064	0
60065	0
60066	0
60067	0
60108	1
60109	1
60110	1
60111	1
60112	1
60113	1
60114	1
60115	1
60116	1
60117	1
60118	1
60119	1
60120	1
60121	1
60122	1
60138	0
60139	0
60140	0
60141	0
60142	0
60143	0
60144	0
60145	0
60146	0
60147	0
60148	0
60190	1
60191	1
60192	1
60193	1
60194	1
60195	1
60196	1
60197	1
60198	1
60199	1
60200	1
60201	1
60202	1
60203	1
60220	0
60221	0
60222	0
60223	0
60224	0
60225	0
60226	0
60227	0
60228	0
60229	0
60230	0
60272	1
60273	1
60274	1
60275	1
60276	1
60277	1
60278	1
60279	1
60280	1
60281	1
60284	1
60301	0
60302	0
60303	0
60304	0
60305	0
60306	0
60307	0
60308	0
60309	0
60310	0
60311	0
60312	0
60352	1
60353	1
60354	1
60355	1
60356	1
60357	1
60358	1
60359	1
60360	1
60361	1
60382	0
60383	0
60384	0
60385	0
60386	0
60387	0
60388	0
60389	0
60390	0
60391	0
60392	0
60393	0
60434	1
60435	1
60436	1
60437	1
60438	1
60439	1
60440	1
60441	1
60442	1
60463	0
60464	0
60465	0
60466	0
60467	0
60468	0
60469	0
60470	0
60471	0
60472	0
60473	0
60474	0
60516	1
60517	1
60518	1
60519	1
60520	1
60521	1
60522	1
60523	1
60524	1
60545	0
60546	0
60547	0
60548	0
60549	0
60550	0
60551	0
60552	0
60553	0
60554	0
60555	0
60556	0
60557	0
60597	1
60598	1
60599	1
60600	1
60601	1
60602	1
60603	1
60604	1
60626	0
60627	0
60628	0
60629	0
60630	0
60631	0
60632	0
60633	0
60634	0
60635	0
60636	0
60637	0
60638	0
60678	1
60679	1
60680	1
60681	1
60682	1
60683	1
60684	1
60685	1
60686	1
60708	0
60709	0
60710	0
60711	0
60712	0
60713	0
60714	0
60715	0
60716	0
60717	0
60718	0
60719	0
60720	0
60760	1
60761	1
60762	1
60763	1
60764	1
60765	1
60766	1
60767	1
60790	0
60791	0
60792	0
60793	0
60794	0
60795	0
60796	0
60797	0
60798	0
60799	0
60800	0
60801	0
60802	0
60841	1
60842	1
60843	1
60844	1
60845	1
60846	1
60847	1
60848	1
60871	0
60872	0
60873	0
60874	0
60875	0
60876	0
60877	0
60878	0
60879	0
60880	0
60881	0
60882	0
60923	1
60924	1
60925	1
60926	1
60927	1
60928	1
60929	1
60953	0
60954	0
60955	0
60956	0
60957	0
60958	0
60959	0
60960	0
60961	0
60962	0
60963	0
60964	0
61004	1
61005	1
61006	1
61007	1
61008	1
61009	1
61010	1
61011	1
61035	0
61036	0
61037	0
61038	0
61039	0
61040	0
61041	0
61042	0
61043	0
61044	0
61045	0
61085	1
61086	1
61087	1
61088	1
61089	1
61090	1
61091	1
61116	0
61117	0
61118	0
61119	0
61120	0
61121	0
61122	0
61123	0
61124	0
61125	0
61167	1
61168	1
61169	1
61170	1
61171	1
61172	1
61173	1
61198	0
61199	0
61200	0
61201	0
61202	0
61203	0
61204	0
61205	0
61206	0
61249	1
61250	1
61251	1
61252	1
61253	1
61254	1
61280	0
61281	0
61282	0
61283	0
61284	0
61285	0
61286	0
61287	0
61329	1
61330	1
61331	1
61332	1
61333	1
61334	1
61335	1
61361	0
61362	0
61363	0
61364	0
61365	0
61366	0
61367	0
61411	1
61412	1
61413	1
61414	1
61415	1
61416	1
61417	1
61443	0
61444	0
61445	0
61446	0
61447	0
61448	0
61493	1
61494	1
61495	1
61496	1
61497	1
61498	1
61525	0
61526	0
61527	0
61528	0
61529	0
61574	1
61575	1
61576	1
61577	1
61578	1
61579	1
61607	0
61608	0
61609	0
61656	1
61657	1
61658	1
61659	1
61660	1
61689	0
61690	0
61738	1
61739	1
61740	1
61741	1
61742	1
61771	0
61819	1
61820	1
61821	1
61822	1
61901	1
61902	1
61903	1
61904	1
61982	1
61983	1
61984	1
61985	1
62063	1
62064	1
62065	1
62066	1
62145	1
62146	1
62147	1
62227	1
62228	1
62229	1
62308	1
62309	1
62310	1
62390	1
62391	1
62472	1
62473	1
62553	1
62635	1