HID	PA
75	1
76	1
77	1
78	1
79	1
80	1
81	1
82	1
156	1
157	1
158	1
159	1
160	1
161	1
162	1
238	1
239	1
240	1
241	1
242	1
243	1
320	1
321	1
322	1
323	1
324	1
325	1
401	1
402	1
403	1
404	1
405	1
406	1
483	1
484	1
485	1
486	1
487	1
564	1
565	1
566	1
567	1
568	1
645	1
646	1
647	1
648	1
649	1
727	1
728	1
729	1
730	1
809	1
810	1
811	1
889	1
890	1
891	1
892	1
972	1
973	1
19763	1
19764	1
19843	1
19844	1
19925	1
19926	1
20161	1
20242	1
20243	1
20323	1
20332	1
20404	1
20405	1
20406	1
20485	1
20486	1
20487	1
20566	1
20567	1
20568	1
20647	1
20648	1
20649	1
20729	1
20730	1
20810	1
20811	1
20891	1
20892	1
20893	1
20973	1
20974	1
20975	1
21054	1
21055	1
21135	1
21136	1
21137	1
21214	1
21215	1
21217	1
21218	1
21219	1
21295	1
21296	1
21299	1
21376	1
21377	1
21380	1
21381	1
21457	1
21458	1
21459	1
21462	1
21537	1
21538	1
21539	1
21542	1
21543	1
21619	1
21620	1
21621	1
21624	1
21625	1
21700	1
21701	1
21702	1
21705	1
21706	1
21781	1
21782	1
21785	1
21786	1
21787	1
21863	1
21864	1
21866	1
21867	1
21868	1
21944	1
21945	1
21948	1
21949	1
21950	1
22024	1
22025	1
22026	1
22028	1
22029	1
22030	1
22031	1
22105	1
22106	1
22107	1
22109	1
22110	1
22111	1
22112	1
22187	1
22190	1
22191	1
22192	1
22193	1
22194	1
22271	1
22272	1
22273	1
22274	1
22353	1
22354	1
22355	1
22435	1
22436	1
22437	1
22515	1
22516	1
22517	1
22519	1
22596	1
22597	1
22598	1
22599	1
22600	1
22677	1
22757	1
22762	1
22843	1
23005	1
23086	1
23166	1
23167	1
23247	1
23248	1
23328	1
23329	1
23407	1
23408	1
23409	1
23410	1
23488	1
23489	1
23490	1
23491	1
23569	1
23570	1
23571	1
23572	1
23651	1
23652	1
23653	1
23732	1
23733	1
23734	1
23814	1
23815	1
23896	1
23976	1
23977	1
24058	1
24220	1
25108	1
25109	1
25187	1
25188	1
25189	1
25190	1
25191	1
25192	1
25269	1
25270	1
25271	1
25272	1
25273	1
25350	1
25351	1
25352	1
25353	1
25354	1
25431	1
25432	1
25433	1
25434	1
25435	1
25512	1
25513	1
25514	1
25515	1
25516	1
25594	1
25595	1
25596	1
25597	1
25674	1
25675	1
25676	1
25677	1
25678	1
25756	1
25757	1
25758	1
25759	1
25837	1
25838	1
25839	1
25840	1
25918	1
25919	1
25920	1
25921	1
25999	1
26000	1
26001	1
26002	1
26081	1
26082	1
26083	1
26161	1
26162	1
26163	1
26164	1
26242	1
26243	1
26244	1
26245	1
26324	1
26325	1
26326	1
26404	1
26405	1
26406	1
26407	1
26485	1
26486	1
26487	1
26488	1
26567	1
26568	1
26569	1
26647	1
26648	1
26649	1
26650	1
26729	1
26730	1
26731	1
26810	1
26811	1
26812	1
26891	1
26892	1
26893	1
26972	1
26973	1
26974	1
27054	1
27055	1
27134	1
27135	1
27136	1
27216	1
27217	1
28594	1
28837	1
29080	1
29161	1
29323	1
30052	0
30133	0
30213	0
30214	0
30293	0
30294	0
30295	0
30374	0
30375	0
30376	0
30456	0
30457	0
30536	0
30537	0
30538	0
30617	0
30618	0
30619	0
30698	0
30699	0
30700	0
30778	0
30779	0
30780	0
30781	0
30860	0
30861	0
30862	0
30941	0
30942	0
30943	0
31021	0
31022	0
31023	0
31024	0
31103	0
31104	0
31105	0
31184	0
31185	0
31186	0
31264	0
31265	0
31266	0
31267	0
31345	0
31346	0
31347	0
31348	0
31427	0
31428	0
31429	0
31508	0
31509	0
31510	0
31590	0
31591	0
31672	0
31753	0
39400	0
39401	0
39402	0
39403	0
39404	0
39405	0
39406	0
39407	0
39408	1
39409	1
39410	1
39411	1
39412	1
39413	1
39418	1
39419	1
39420	1
39421	1
39422	1
39423	1
39424	1
39425	1
39426	1
39430	1
39431	1
39432	1
39433	1
39434	1
39435	1
39436	1
39437	1
39438	1
39440	1
39446	1
39447	1
39480	0
39481	0
39482	0
39483	0
39484	0
39485	0
39486	0
39487	0
39488	1
39489	1
39490	1
39491	1
39492	1
39493	1
39498	1
39499	1
39500	1
39501	1
39502	1
39503	1
39504	1
39505	1
39506	1
39507	1
39510	1
39511	1
39512	1
39513	1
39514	1
39515	1
39516	1
39517	1
39518	1
39519	1
39520	1
39526	1
39527	1
39528	1
39562	0
39563	0
39564	0
39565	0
39566	0
39567	0
39568	0
39569	1
39570	1
39571	1
39572	1
39573	1
39574	1
39575	1
39580	1
39581	1
39582	1
39583	1
39584	1
39585	1
39586	1
39587	1
39588	1
39589	1
39590	1
39591	1
39592	1
39593	1
39594	1
39595	1
39596	1
39597	1
39598	1
39599	1
39600	1
39601	1
39602	1
39603	1
39607	1
39608	1
39643	0
39644	0
39645	0
39646	0
39647	0
39648	0
39649	0
39650	0
39651	1
39652	1
39653	1
39654	1
39655	1
39656	1
39657	1
39658	1
39661	1
39662	1
39663	1
39664	1
39665	1
39666	1
39667	1
39668	1
39669	1
39670	1
39671	1
39672	1
39673	1
39674	1
39675	1
39676	1
39677	1
39678	1
39679	1
39680	1
39681	1
39682	1
39683	1
39684	1
39685	1
39688	1
39689	1
39690	1
39724	0
39725	0
39726	0
39727	0
39728	0
39729	0
39730	0
39731	1
39732	1
39733	1
39734	1
39735	1
39736	1
39737	1
39738	1
39739	1
39740	1
39742	1
39743	1
39744	1
39745	1
39746	1
39747	1
39748	1
39749	1
39750	1
39751	1
39752	1
39753	1
39754	1
39755	1
39756	1
39757	1
39758	1
39759	1
39760	1
39761	1
39762	1
39763	1
39764	1
39765	1
39766	1
39768	1
39769	1
39805	0
39806	0
39807	0
39808	0
39809	0
39810	0
39811	0
39812	0
39813	1
39814	1
39815	1
39816	1
39817	1
39818	1
39819	1
39820	1
39821	1
39822	1
39824	1
39825	1
39826	1
39827	1
39828	1
39829	1
39830	1
39831	1
39832	1
39833	1
39834	1
39835	1
39836	1
39837	1
39838	1
39839	1
39840	1
39841	1
39842	1
39843	1
39844	1
39845	1
39846	1
39847	1
39848	1
39849	1
39850	1
39851	1
39887	0
39888	0
39889	0
39890	0
39891	0
39892	0
39893	0
39894	0
39895	1
39896	1
39897	1
39898	1
39899	1
39900	1
39901	1
39902	1
39903	1
39906	1
39907	1
39908	1
39909	1
39910	1
39911	1
39912	1
39913	1
39914	1
39915	1
39916	1
39917	1
39918	1
39919	1
39920	1
39921	1
39922	1
39923	1
39924	1
39925	1
39926	1
39927	1
39928	1
39929	1
39930	1
39931	1
39933	0
39967	0
39968	0
39969	0
39970	0
39971	0
39972	0
39973	0
39974	0
39975	1
39976	1
39977	1
39978	1
39979	1
39980	1
39981	1
39982	1
39983	1
39987	1
39988	1
39989	1
39990	1
39991	1
39992	1
39993	1
39994	1
39995	1
39996	1
39997	1
39998	1
39999	1
40000	1
40001	1
40002	1
40003	1
40004	1
40005	1
40006	1
40007	1
40008	1
40009	1
40010	1
40011	1
40012	1
40014	1
40015	1
40049	0
40050	0
40051	0
40052	0
40053	0
40054	0
40055	0
40056	0
40057	0
40058	1
40059	1
40060	1
40061	1
40062	1
40063	1
40064	1
40065	1
40068	1
40069	1
40070	1
40071	1
40072	1
40073	1
40074	1
40075	1
40076	1
40077	1
40078	1
40079	1
40080	1
40081	1
40082	1
40083	1
40084	1
40085	1
40086	1
40087	1
40088	1
40089	1
40090	1
40091	1
40092	1
40093	1
40095	1
40096	1
40130	0
40131	0
40132	0
40133	0
40134	0
40135	0
40136	0
40137	0
40138	0
40139	0
40140	1
40141	1
40142	1
40143	1
40144	1
40145	1
40146	1
40147	1
40150	1
40151	1
40152	1
40153	1
40154	1
40155	1
40156	1
40157	1
40158	1
40159	1
40160	1
40161	1
40162	1
40163	1
40164	1
40165	1
40166	1
40167	1
40168	1
40169	1
40170	1
40171	1
40172	1
40173	1
40174	1
40211	0
40212	0
40213	0
40214	0
40215	0
40216	0
40217	0
40218	0
40219	0
40220	1
40221	1
40222	1
40223	1
40224	1
40225	1
40226	1
40227	1
40230	1
40231	1
40232	1
40233	1
40234	1
40235	1
40236	1
40237	1
40238	1
40239	1
40240	1
40241	1
40242	1
40243	1
40244	1
40245	1
40246	1
40247	1
40248	1
40249	1
40250	1
40251	1
40252	1
40253	1
40254	1
40255	1
40258	1
40292	0
40293	0
40294	0
40295	0
40296	0
40297	0
40298	0
40299	0
40300	0
40301	0
40302	1
40303	1
40304	1
40305	1
40306	1
40307	1
40308	1
40309	1
40312	1
40313	1
40314	1
40315	1
40316	1
40317	1
40318	1
40319	1
40320	1
40321	1
40322	1
40323	1
40324	1
40325	1
40326	1
40327	1
40328	1
40329	1
40330	1
40331	1
40332	1
40333	1
40334	1
40335	1
40336	1
40337	1
40339	1
40374	0
40375	0
40376	0
40377	0
40378	0
40379	0
40380	0
40381	0
40382	0
40383	0
40384	0
40385	1
40386	1
40387	1
40388	1
40389	1
40390	1
40391	1
40394	1
40395	1
40396	1
40397	1
40398	1
40399	1
40400	1
40401	1
40402	1
40403	1
40404	1
40405	1
40406	1
40407	1
40408	1
40409	1
40410	1
40411	1
40412	1
40413	1
40414	1
40415	1
40416	1
40417	1
40418	1
40419	1
40454	0
40455	0
40456	0
40457	0
40458	0
40459	0
40460	0
40461	0
40462	0
40463	0
40464	0
40465	1
40466	1
40467	1
40468	1
40469	1
40470	1
40471	1
40475	1
40476	1
40477	1
40480	1
40481	1
40482	1
40483	1
40484	1
40485	1
40486	1
40487	1
40488	1
40489	1
40490	1
40491	1
40492	1
40493	1
40494	1
40495	1
40496	1
40497	1
40498	1
40499	1
40536	0
40537	0
40538	0
40539	0
40540	0
40541	0
40542	0
40543	0
40544	0
40545	0
40546	0
40547	1
40548	1
40549	1
40550	1
40551	1
40552	1
40553	1
40558	1
40562	1
40563	1
40564	1
40565	1
40566	1
40567	1
40568	1
40569	1
40570	1
40571	1
40572	1
40573	1
40574	1
40575	1
40576	1
40577	1
40578	1
40579	1
40580	1
40581	1
40617	0
40618	0
40619	0
40620	0
40621	0
40622	0
40623	0
40624	0
40625	0
40626	0
40627	0
40628	0
40629	1
40630	1
40631	1
40632	1
40633	1
40634	1
40644	1
40645	1
40647	1
40648	1
40649	1
40650	1
40651	1
40652	1
40653	1
40654	1
40655	1
40656	1
40657	1
40658	1
40659	1
40660	1
40661	1
40662	1
40698	0
40699	0
40700	0
40701	0
40702	0
40703	0
40704	0
40705	0
40706	0
40707	0
40708	0
40709	1
40710	1
40711	1
40712	1
40713	1
40714	1
40715	1
40725	1
40728	1
40729	1
40730	1
40731	1
40732	1
40733	1
40734	1
40735	1
40736	1
40737	1
40738	1
40739	1
40740	1
40741	1
40742	1
40779	0
40780	0
40781	0
40782	0
40783	0
40784	0
40785	0
40786	0
40787	0
40788	0
40789	0
40790	0
40791	1
40792	1
40793	1
40794	1
40795	1
40796	1
40797	1
40798	1
40810	1
40811	1
40812	1
40813	1
40814	1
40815	1
40816	1
40817	1
40818	1
40819	1
40820	1
40821	1
40822	1
40823	1
40824	1
40861	0
40862	0
40863	0
40864	0
40865	0
40866	0
40867	0
40868	0
40869	0
40870	0
40871	0
40872	0
40873	1
40874	1
40875	1
40876	1
40877	1
40878	1
40879	1
40891	1
40892	1
40893	1
40894	1
40895	1
40896	1
40897	1
40898	1
40899	1
40900	1
40901	1
40902	1
40903	1
40904	1
40905	1
40906	1
40941	0
40942	0
40943	0
40944	0
40945	0
40946	0
40947	0
40948	0
40949	0
40950	0
40951	0
40952	0
40953	1
40954	1
40955	1
40956	1
40957	1
40958	1
40959	1
40960	1
40972	1
40973	1
40974	1
40975	1
40976	1
40977	1
40978	1
40979	1
40980	1
40981	1
40982	1
40983	1
40984	1
40985	1
40986	1
40987	1
41023	0
41024	0
41025	0
41026	0
41027	0
41028	0
41029	0
41030	0
41031	0
41032	0
41033	0
41034	0
41035	1
41036	1
41037	1
41038	1
41039	1
41040	1
41041	1
41042	1
41053	1
41054	1
41055	1
41056	1
41057	1
41058	1
41059	1
41060	1
41061	1
41062	1
41063	1
41064	1
41065	1
41066	1
41067	1
41068	1
41105	0
41106	0
41107	0
41108	0
41109	0
41110	0
41111	0
41112	0
41113	0
41114	0
41115	0
41116	0
41117	1
41118	1
41119	1
41120	1
41121	1
41122	1
41123	1
41124	1
41135	1
41136	1
41137	1
41138	1
41139	1
41140	1
41141	1
41142	1
41143	1
41144	1
41145	1
41146	1
41147	1
41148	1
41149	1
41185	0
41186	0
41187	0
41188	0
41189	0
41190	0
41191	0
41192	0
41193	0
41194	0
41195	0
41196	0
41197	1
41198	1
41199	1
41200	1
41201	1
41202	1
41203	1
41204	1
41205	1
41216	1
41217	1
41218	1
41219	1
41220	1
41221	1
41222	1
41223	1
41224	1
41225	1
41226	1
41227	1
41228	1
41229	1
41230	1
41267	0
41268	0
41269	0
41270	0
41271	0
41272	0
41273	0
41274	0
41275	0
41276	0
41277	0
41278	0
41279	1
41280	1
41281	1
41282	1
41283	1
41284	1
41285	1
41286	1
41287	1
41298	1
41299	1
41300	1
41301	1
41302	1
41303	1
41304	1
41305	1
41306	1
41307	1
41308	1
41309	1
41310	1
41311	1
41349	0
41350	0
41351	0
41352	0
41353	0
41354	0
41355	0
41356	0
41357	0
41358	0
41359	0
41360	0
41361	1
41362	1
41363	1
41364	1
41365	1
41366	1
41367	1
41368	1
41381	1
41382	1
41383	1
41384	1
41385	1
41386	1
41387	1
41388	1
41389	1
41390	1
41391	1
41392	1
41430	0
41431	0
41432	0
41433	0
41434	0
41435	0
41436	0
41437	0
41438	0
41439	0
41440	0
41441	1
41442	1
41443	1
41444	1
41445	1
41446	1
41447	1
41448	1
41449	1
41462	1
41463	1
41464	1
41465	1
41466	1
41467	1
41468	1
41469	1
41470	1
41471	1
41472	1
41473	1
41512	0
41513	0
41514	0
41515	0
41516	0
41517	0
41518	0
41519	0
41520	0
41521	0
41522	0
41523	1
41524	1
41525	1
41526	1
41527	1
41528	1
41529	1
41530	1
41531	1
41544	1
41545	1
41546	1
41547	1
41548	1
41549	1
41550	1
41551	1
41552	1
41553	1
41554	1
41594	0
41595	0
41596	0
41597	0
41598	0
41599	0
41600	0
41601	0
41602	0
41603	0
41604	1
41605	1
41606	1
41607	1
41608	1
41609	1
41610	1
41611	1
41612	1
41613	1
41625	1
41626	1
41627	1
41628	1
41629	1
41630	1
41631	1
41632	1
41633	1
41634	1
41635	1
41675	0
41676	0
41677	0
41678	0
41679	0
41680	0
41681	0
41682	0
41683	0
41684	0
41685	1
41686	1
41687	1
41688	1
41689	1
41690	1
41691	1
41692	1
41693	1
41694	1
41706	1
41707	1
41708	1
41709	1
41710	1
41711	1
41712	1
41713	1
41714	1
41715	1
41716	1
41757	0
41758	0
41759	0
41760	0
41761	0
41762	0
41763	0
41764	0
41765	0
41766	0
41767	1
41768	1
41769	1
41770	1
41771	1
41772	1
41773	1
41774	1
41775	1
41787	1
41788	1
41789	1
41790	1
41791	1
41792	1
41793	1
41794	1
41795	1
41796	1
41797	1
41839	0
41840	0
41841	0
41842	0
41843	0
41844	0
41845	0
41846	0
41847	0
41848	1
41849	1
41850	1
41851	1
41852	1
41853	1
41854	1
41855	1
41856	1
41857	1
41868	1
41869	1
41870	1
41871	1
41872	1
41873	1
41874	1
41875	1
41876	1
41877	1
41878	1
41919	0
41920	0
41921	0
41922	0
41923	0
41924	0
41925	0
41926	0
41927	0
41928	0
41929	1
41930	1
41931	1
41932	1
41933	1
41934	1
41935	1
41936	1
41937	1
41948	1
41949	1
41950	1
41952	1
41953	1
41954	1
41955	1
41956	1
41957	1
41958	1
41959	1
42001	0
42002	0
42003	0
42004	0
42005	0
42006	0
42007	0
42008	0
42009	0
42010	0
42011	0
42012	1
42013	1
42014	1
42015	1
42016	1
42017	1
42018	1
42019	1
42030	1
42031	1
42034	1
42035	1
42036	1
42037	1
42038	1
42039	1
42040	1
42083	0
42084	0
42085	0
42086	0
42087	0
42088	0
42089	0
42090	0
42091	0
42092	0
42093	0
42094	0
42095	1
42096	1
42097	1
42098	1
42099	1
42100	1
42101	1
42111	1
42112	1
42115	1
42116	1
42117	1
42118	1
42119	1
42120	1
42121	1
42163	0
42164	0
42165	0
42166	0
42167	0
42168	0
42169	0
42170	0
42171	0
42172	0
42173	0
42174	0
42175	0
42176	1
42177	1
42178	1
42179	1
42180	1
42181	1
42182	1
42192	1
42193	1
42195	1
42196	1
42197	1
42198	1
42199	1
42200	1
42201	1
42202	1
42245	0
42246	0
42247	0
42248	0
42249	0
42250	0
42251	0
42252	0
42253	0
42254	0
42255	0
42256	0
42257	1
42258	1
42259	1
42260	1
42261	1
42262	1
42263	1
42264	1
42273	1
42274	1
42276	1
42277	1
42278	1
42279	1
42280	1
42281	1
42282	1
42283	1
42327	0
42328	0
42329	0
42330	0
42331	0
42332	0
42333	0
42334	0
42335	0
42336	0
42337	0
42338	0
42339	1
42340	1
42341	1
42342	1
42343	1
42344	1
42345	1
42354	1
42355	1
42356	1
42358	1
42359	1
42360	1
42361	1
42362	1
42363	1
42364	1
42407	0
42408	0
42409	0
42410	0
42411	0
42412	0
42413	0
42414	0
42415	0
42416	0
42417	0
42418	0
42419	0
42420	1
42421	1
42422	1
42423	1
42424	1
42425	1
42426	1
42435	1
42436	1
42439	1
42440	1
42441	1
42442	1
42443	1
42444	1
42445	1
42489	0
42490	0
42491	0
42492	0
42493	0
42494	0
42495	0
42496	0
42497	0
42498	0
42499	0
42500	0
42501	1
42502	1
42503	1
42504	1
42505	1
42506	1
42507	1
42508	1
42516	1
42517	1
42520	1
42521	1
42522	1
42523	1
42524	1
42525	1
42526	1
42571	0
42572	0
42573	0
42574	0
42575	0
42576	0
42577	0
42578	0
42579	0
42580	0
42581	0
42582	0
42583	1
42584	1
42585	1
42586	1
42587	1
42588	1
42589	1
42597	1
42598	1
42599	1
42601	1
42602	1
42603	1
42604	1
42605	1
42606	1
42607	1
42651	0
42652	0
42653	0
42654	0
42655	0
42656	0
42657	0
42658	0
42659	0
42660	0
42661	0
42662	0
42663	0
42664	0
42665	1
42666	1
42667	1
42668	1
42669	1
42670	1
42678	1
42679	1
42682	1
42683	1
42684	1
42685	1
42686	1
42687	1
42688	1
42733	0
42734	0
42735	0
42736	0
42737	0
42738	0
42739	0
42740	0
42741	0
42742	0
42743	0
42744	0
42745	0
42746	0
42747	1
42748	1
42749	1
42750	1
42751	1
42752	1
42759	1
42760	1
42763	1
42764	1
42765	1
42766	1
42767	1
42768	1
42769	1
42814	0
42815	0
42816	0
42817	0
42818	0
42819	0
42820	0
42821	0
42822	0
42823	0
42824	0
42825	0
42826	0
42827	0
42828	1
42829	1
42830	1
42831	1
42832	1
42833	1
42834	1
42841	1
42844	1
42845	1
42846	1
42847	1
42848	1
42849	1
42850	1
42895	0
42896	0
42897	0
42898	0
42899	0
42900	0
42901	0
42902	0
42903	0
42904	0
42905	0
42906	0
42907	0
42908	1
42909	1
42910	1
42911	1
42912	1
42913	1
42914	1
42915	1
42921	1
42922	1
42925	1
42926	1
42927	1
42928	1
42929	1
42930	1
42931	1
42977	0
42978	0
42979	0
42980	0
42981	0
42982	0
42983	0
42984	0
42985	0
42986	0
42987	0
42988	0
42989	1
42990	1
42991	1
42992	1
42993	1
42994	1
42995	1
42996	1
43003	1
43006	1
43007	1
43008	1
43009	1
43010	1
43011	1
43012	1
43058	0
43059	0
43060	0
43061	0
43062	0
43063	0
43064	0
43065	0
43066	0
43067	0
43068	0
43069	0
43070	0
43071	1
43072	1
43073	1
43074	1
43075	1
43076	1
43077	1
43078	1
43084	1
43085	1
43088	1
43089	1
43090	1
43091	1
43092	1
43093	1
43139	0
43140	0
43141	0
43142	0
43143	0
43144	0
43145	0
43146	0
43147	0
43148	0
43149	0
43150	0
43151	0
43152	0
43153	1
43154	1
43155	1
43156	1
43157	1
43165	1
43168	1
43169	1
43170	1
43171	1
43172	1
43173	1
43174	1
43221	0
43222	0
43223	0
43224	0
43225	0
43226	0
43227	0
43228	0
43229	0
43230	0
43231	0
43232	0
43233	0
43234	0
43235	1
43236	1
43237	1
43238	1
43239	1
43246	1
43247	1
43250	1
43251	1
43252	1
43253	1
43254	1
43255	1
43303	0
43304	0
43305	0
43306	0
43307	0
43308	0
43309	0
43310	0
43311	0
43312	0
43313	0
43314	0
43315	1
43316	1
43317	1
43318	1
43319	1
43320	1
43328	1
43331	1
43332	1
43333	1
43334	1
43335	1
43336	1
43384	0
43385	0
43386	0
43387	0
43388	0
43389	0
43390	0
43391	0
43392	0
43393	0
43394	0
43395	0
43396	1
43397	1
43398	1
43400	1
43404	0
43408	1
43411	1
43412	1
43413	1
43414	1
43415	1
43416	1
43417	1
43466	0
43467	0
43468	0
43469	0
43470	0
43471	0
43472	0
43473	0
43474	0
43475	0
43476	0
43477	0
43478	1
43479	1
43480	1
43489	1
43490	1
43493	1
43494	1
43495	1
43496	1
43497	1
43498	1
43548	0
43549	0
43550	0
43551	0
43552	0
43553	0
43554	0
43555	0
43556	0
43557	0
43558	0
43559	1
43560	1
43561	1
43567	0
43571	1
43574	1
43575	1
43576	1
43577	1
43578	1
43579	1
43629	0
43630	0
43631	0
43632	0
43633	0
43634	0
43635	0
43636	0
43637	0
43638	0
43639	0
43640	1
43641	1
43642	1
43648	0
43651	1
43652	1
43655	1
43656	1
43657	1
43658	1
43659	1
43660	1
43711	0
43712	0
43713	0
43714	0
43715	0
43716	0
43717	0
43718	0
43719	0
43720	0
43721	0
43722	1
43723	1
43729	0
43732	1
43733	1
43736	1
43737	1
43738	1
43739	1
43740	1
43741	1
43793	0
43794	0
43795	0
43796	0
43797	0
43798	0
43799	0
43800	0
43801	0
43802	0
43803	1
43804	1
43805	1
43811	0
43814	1
43815	1
43818	1
43819	1
43820	1
43821	1
43822	1
43874	0
43875	0
43876	0
43877	0
43878	0
43879	0
43880	0
43881	0
43882	0
43883	1
43884	1
43885	1
43891	0
43892	1
43894	1
43898	1
43899	1
43900	1
43901	1
43902	1
43903	1
43956	0
43957	0
43958	0
43959	0
43960	0
43961	0
43962	0
43963	0
43964	1
43965	1
43966	1
43967	1
43972	0
43974	1
43975	1
43977	1
43980	1
43981	1
43982	1
43983	1
43984	1
44037	0
44038	0
44039	0
44040	0
44041	0
44042	0
44043	0
44044	0
44045	1
44046	1
44047	1
44048	1
44056	1
44061	1
44062	1
44063	1
44064	1
44065	1
44118	0
44119	0
44120	0
44121	0
44122	0
44123	0
44124	0
44125	0
44126	1
44127	1
44128	1
44141	1
44142	1
44143	1
44144	1
44145	1
44146	1
44199	0
44200	0
44201	0
44202	0
44203	0
44204	0
44205	0
44206	0
44207	1
44208	1
44209	1
44210	1
44222	1
44223	1
44224	1
44225	1
44226	1
44227	1
44281	0
44282	0
44283	0
44284	0
44285	0
44286	0
44287	0
44288	0
44289	1
44290	1
44291	1
44292	1
44303	1
44304	1
44305	1
44306	1
44307	1
44308	1
44362	0
44363	0
44364	0
44365	0
44366	0
44367	0
44368	0
44369	0
44370	1
44371	1
44372	1
44383	1
44384	1
44385	1
44386	1
44387	1
44388	1
44389	1
44443	0
44444	0
44445	0
44446	0
44447	0
44448	0
44449	0
44450	0
44451	1
44452	1
44453	1
44454	1
44465	1
44466	1
44467	1
44468	1
44469	1
44470	1
44525	0
44526	0
44527	0
44528	0
44529	0
44530	0
44531	0
44532	0
44533	1
44534	1
44535	1
44546	1
44547	1
44548	1
44549	1
44550	1
44551	1
44605	0
44606	0
44607	0
44608	0
44609	0
44610	0
44611	0
44612	0
44613	0
44614	1
44615	1
44616	1
44626	1
44627	1
44628	1
44629	1
44630	1
44631	1
44632	1
44687	0
44688	0
44689	0
44690	0
44691	0
44692	0
44693	0
44694	0
44695	1
44696	1
44697	1
44708	1
44709	1
44710	1
44711	1
44712	1
44713	1
44768	0
44769	0
44770	0
44771	0
44772	0
44773	0
44774	0
44775	0
44776	0
44777	1
44778	1
44779	1
44789	1
44790	1
44791	1
44792	1
44793	1
44794	1
44849	0
44850	0
44851	0
44852	0
44853	0
44854	0
44855	0
44856	0
44857	1
44858	1
44859	1
44870	1
44871	1
44872	1
44873	1
44874	1
44875	1
44930	0
44931	0
44932	0
44933	0
44934	0
44935	0
44936	0
44937	0
44938	0
44939	1
44940	1
44941	0
44951	1
44952	1
44953	1
44954	1
44955	1
44956	1
45012	0
45013	0
45014	0
45015	0
45016	0
45017	0
45018	0
45019	0
45020	0
45021	0
45022	0
45032	1
45033	1
45034	1
45035	1
45036	1
45037	1
45092	0
45093	0
45094	0
45095	0
45096	0
45097	0
45098	0
45099	0
45100	0
45101	0
45102	1
45113	1
45114	1
45115	1
45116	1
45117	1
45118	1
45174	0
45175	0
45176	0
45177	0
45178	0
45179	0
45180	0
45181	0
45182	0
45183	0
45184	0
45194	1
45195	1
45197	1
45198	1
45199	1
45255	0
45256	0
45257	0
45258	0
45259	0
45260	0
45261	0
45262	0
45263	0
45264	0
45265	0
45275	1
45276	1
45277	1
45280	1
45336	0
45337	0
45338	0
45339	0
45340	0
45341	0
45342	0
45343	0
45344	0
45345	0
45346	0
45355	1
45356	1
45357	1
45360	1
45361	1
45417	0
45418	0
45419	0
45420	0
45421	0
45422	0
45423	0
45424	0
45425	0
45426	0
45427	0
45437	1
45438	1
45442	1
45499	0
45500	0
45501	0
45502	0
45503	0
45504	0
45505	0
45506	0
45507	0
45508	0
45509	0
45518	1
45519	1
45520	1
45580	0
45581	0
45582	0
45583	0
45584	0
45585	0
45586	0
45587	0
45588	0
45589	0
45599	1
45600	1
45604	1
45661	0
45662	0
45663	0
45664	0
45665	0
45666	0
45667	0
45668	0
45669	0
45670	0
45671	0
45680	1
45682	1
45743	0
45744	0
45745	0
45746	0
45747	0
45748	0
45749	0
45750	0
45751	0
45752	0
45753	0
45763	1
45824	0
45825	0
45826	0
45827	0
45828	0
45829	0
45830	0
45831	0
45832	0
45833	0
45847	1
45905	0
45906	0
45907	0
45908	0
45909	0
45910	0
45911	0
45912	0
45913	0
45914	0
45915	0
45928	1
45987	0
45988	0
45989	0
45990	0
45991	0
45992	0
45993	0
45994	0
45995	0
45996	0
46067	0
46068	0
46069	0
46070	0
46071	0
46072	0
46073	0
46074	0
46075	0
46076	0
46090	1
46149	0
46150	0
46151	0
46152	0
46153	0
46154	0
46155	0
46156	0
46157	0
46158	0
46161	0
46171	1
46231	0
46232	0
46233	0
46234	0
46235	0
46236	0
46237	0
46238	0
46239	0
46242	0
46243	0
46252	1
46312	0
46313	0
46314	0
46315	0
46316	0
46317	0
46318	0
46319	0
46320	0
46322	0
46323	0
46333	1
46394	0
46395	0
46396	0
46397	0
46398	0
46399	0
46400	0
46401	0
46402	0
46403	0
46404	0
46405	0
46414	1
46476	0
46477	0
46478	0
46479	0
46480	0
46481	0
46482	0
46483	0
46484	0
46485	0
46486	0
46495	1
46557	0
46558	0
46559	0
46560	0
46561	0
46562	0
46563	0
46564	0
46565	0
46566	0
46567	0
46576	1
46639	0
46640	0
46641	0
46642	0
46643	0
46644	0
46645	0
46646	0
46647	0
46648	0
46657	1
46721	0
46722	0
46723	0
46724	0
46725	0
46726	0
46727	0
46728	0
46729	0
46730	0
46738	1
46802	0
46803	0
46804	0
46805	0
46806	0
46807	0
46808	0
46809	0
46810	0
46819	1
46884	0
46885	0
46886	0
46887	0
46888	0
46889	0
46890	0
46891	0
46892	0
46900	1
46966	0
46967	0
46968	0
46969	0
46970	0
46971	0
46972	0
46973	0
47047	0
47048	0
47049	0
47050	0
47051	0
47052	0
47053	0
47129	0
47130	0
47131	0
47132	0
47133	0
47134	0
47211	0
47212	0
47213	0
47214	0
47215	0
47292	0
47293	0
47294	0
47295	0
47374	0
47375	0
47376	0
47456	0
47457	0
47537	0
59101	1
59102	1
59103	1
59104	1
59105	1
59106	1
59107	1
59108	1
59109	1
59110	1
59111	1
59112	1
59113	1
59114	1
59115	1
59116	1
59117	1
59118	1
59119	1
59120	1
59121	1
59122	1
59123	1
59124	1
59125	1
59129	1
59130	1
59131	1
59181	1
59182	1
59183	1
59184	1
59185	1
59187	1
59188	1
59189	1
59190	1
59191	1
59192	1
59193	1
59194	1
59195	1
59196	1
59197	1
59198	1
59199	1
59200	1
59201	1
59202	1
59203	1
59204	1
59205	1
59206	1
59209	1
59210	1
59211	1
59212	1
59262	1
59263	1
59264	1
59265	1
59266	1
59267	1
59268	1
59269	1
59270	1
59271	1
59272	1
59273	1
59274	1
59275	1
59276	1
59277	1
59278	1
59279	1
59280	1
59281	1
59282	1
59283	1
59284	1
59285	1
59286	1
59287	1
59291	1
59292	1
59293	1
59344	1
59345	1
59346	1
59347	1
59348	1
59350	1
59351	1
59352	1
59353	1
59354	1
59355	1
59356	1
59357	1
59358	1
59359	1
59360	1
59361	1
59362	1
59363	1
59364	1
59365	1
59366	1
59367	1
59368	1
59369	1
59372	1
59373	1
59374	1
59424	1
59425	1
59426	1
59427	1
59428	1
59430	1
59431	1
59432	1
59433	1
59434	1
59435	1
59436	1
59437	1
59438	1
59439	1
59440	1
59441	1
59442	1
59443	1
59444	1
59445	1
59446	1
59447	1
59448	1
59449	1
59452	1
59453	1
59454	1
59455	1
59506	1
59507	1
59508	1
59509	1
59510	1
59512	1
59514	1
59515	1
59516	1
59517	1
59518	1
59519	1
59520	1
59521	1
59522	1
59523	1
59524	1
59525	1
59526	1
59527	1
59528	1
59529	1
59530	1
59534	1
59535	1
59536	1
59587	1
59588	1
59589	1
59590	1
59591	1
59595	1
59596	1
59597	1
59598	1
59599	1
59600	1
59601	1
59602	1
59603	1
59604	1
59605	1
59606	1
59607	1
59608	1
59609	1
59610	1
59611	1
59616	1
59617	1
59668	1
59669	1
59670	1
59671	1
59672	1
59673	1
59676	1
59677	1
59678	1
59679	1
59680	1
59681	1
59682	1
59683	1
59684	1
59685	1
59686	1
59687	1
59688	1
59689	1
59690	1
59691	1
59697	1
59698	1
59741	0
59749	1
59750	1
59751	1
59752	1
59753	1
59754	1
59758	1
59759	1
59760	1
59761	1
59762	1
59763	1
59764	1
59765	1
59766	1
59767	1
59768	1
59769	1
59770	1
59771	1
59772	1
59773	1
59779	1
59822	0
59830	1
59831	1
59832	1
59833	1
59834	1
59835	1
59840	1
59841	1
59842	1
59843	1
59844	1
59845	1
59846	1
59847	1
59848	1
59849	1
59850	1
59851	1
59852	1
59853	1
59854	1
59855	1
59860	1
59902	0
59903	0
59910	1
59911	1
59912	1
59913	1
59914	1
59915	1
59916	1
59921	1
59922	1
59923	1
59924	1
59925	1
59926	1
59927	1
59928	1
59929	1
59930	1
59931	1
59932	1
59933	1
59934	1
59935	1
59941	1
59984	0
59985	0
59991	1
59992	1
59993	1
59994	1
59995	1
59996	1
59997	1
60003	1
60004	1
60005	1
60006	1
60007	1
60008	1
60009	1
60010	1
60011	1
60012	1
60013	1
60014	1
60015	1
60016	1
60017	1
60065	0
60066	0
60067	0
60073	1
60074	1
60075	1
60076	1
60077	1
60078	1
60084	1
60085	1
60086	1
60087	1
60088	1
60089	1
60090	1
60091	1
60092	1
60093	1
60094	1
60095	1
60096	1
60097	1
60098	1
60099	1
60146	0
60147	0
60148	0
60153	1
60154	1
60155	1
60156	1
60157	1
60158	1
60159	1
60165	1
60166	1
60167	1
60168	1
60169	1
60170	1
60171	1
60172	1
60173	1
60174	1
60175	1
60176	1
60177	1
60178	1
60179	1
60180	1
60184	1
60227	0
60228	0
60229	0
60230	0
60235	1
60236	1
60237	1
60238	1
60239	1
60240	1
60246	1
60247	1
60248	1
60249	1
60250	1
60251	1
60252	1
60253	1
60254	1
60255	1
60256	1
60257	1
60258	1
60259	1
60260	1
60261	1
60262	1
60308	0
60309	0
60310	0
60311	0
60312	0
60316	1
60317	1
60318	1
60319	1
60320	1
60321	1
60322	1
60329	1
60330	1
60331	1
60332	1
60333	1
60334	1
60335	1
60336	1
60337	1
60338	1
60339	1
60340	1
60341	1
60342	1
60343	1
60344	1
60389	0
60390	0
60391	0
60392	0
60393	0
60397	1
60398	1
60399	1
60400	1
60401	1
60402	1
60403	1
60409	1
60410	1
60411	1
60412	1
60413	1
60414	1
60415	1
60416	1
60417	1
60418	1
60419	1
60420	1
60421	1
60422	1
60423	1
60424	1
60470	0
60471	0
60472	0
60473	0
60474	0
60478	1
60479	1
60480	1
60481	1
60482	1
60483	1
60484	1
60491	1
60492	1
60493	1
60494	1
60495	1
60496	1
60497	1
60498	1
60499	1
60500	1
60501	1
60502	1
60503	1
60504	1
60505	1
60506	1
60552	0
60553	0
60554	0
60555	0
60556	0
60557	0
60560	1
60561	1
60562	1
60563	1
60564	1
60565	1
60566	1
60573	1
60574	1
60575	1
60576	1
60577	1
60578	1
60579	1
60580	1
60581	1
60582	1
60583	1
60584	1
60585	1
60586	1
60587	1
60632	0
60633	0
60634	0
60635	0
60636	0
60637	0
60638	0
60640	1
60641	1
60642	1
60643	1
60644	1
60645	1
60646	1
60653	1
60654	1
60655	1
60656	1
60657	1
60658	1
60659	1
60660	1
60661	1
60662	1
60663	1
60664	1
60665	1
60666	1
60667	1
60713	0
60714	0
60715	0
60716	0
60717	0
60718	0
60719	0
60720	0
60722	1
60723	1
60724	1
60725	1
60726	1
60727	1
60735	1
60736	1
60737	1
60738	1
60739	1
60740	1
60741	1
60742	1
60743	1
60744	1
60745	1
60746	1
60747	1
60748	1
60750	1
60794	0
60795	0
60796	0
60797	0
60798	0
60799	0
60800	0
60801	0
60802	0
60803	0
60804	1
60805	1
60806	1
60807	1
60808	1
60809	1
60816	1
60817	1
60818	1
60819	1
60820	1
60821	1
60822	1
60823	1
60824	1
60825	1
60826	1
60827	1
60828	1
60829	1
60874	0
60875	0
60876	0
60877	0
60878	0
60879	0
60880	0
60881	0
60882	0
60883	0
60884	1
60885	1
60886	1
60887	1
60888	1
60889	1
60896	1
60897	1
60898	1
60899	1
60900	1
60901	1
60902	1
60903	1
60904	1
60905	1
60906	1
60907	1
60908	1
60909	1
60910	1
60955	0
60956	0
60957	0
60958	0
60959	0
60960	0
60961	0
60962	0
60963	0
60964	0
60965	0
60966	1
60967	1
60968	1
60969	1
60970	1
60971	1
60976	1
60977	1
60978	1
60979	1
60980	1
60981	1
60982	1
60983	1
60984	1
60985	1
60986	1
60987	1
60988	1
60989	1
60990	1
60991	1
60992	1
61036	0
61037	0
61038	0
61039	0
61040	0
61041	0
61042	0
61043	0
61044	0
61045	0
61046	0
61047	1
61048	1
61049	1
61050	1
61051	1
61052	1
61056	1
61057	1
61058	1
61059	1
61060	1
61061	1
61062	1
61063	1
61064	1
61065	1
61066	1
61067	1
61068	1
61069	1
61070	1
61071	1
61072	1
61073	1
61074	1
61075	1
61116	0
61117	0
61118	0
61119	0
61120	0
61121	0
61122	0
61123	0
61124	0
61125	0
61126	0
61127	1
61128	1
61129	1
61130	1
61131	1
61132	1
61137	1
61138	1
61139	1
61140	1
61141	1
61142	1
61143	1
61144	1
61145	1
61146	1
61147	1
61148	1
61149	1
61150	1
61151	1
61152	1
61153	1
61154	1
61155	1
61197	0
61198	0
61199	0
61200	0
61201	0
61202	0
61203	0
61204	0
61205	0
61206	0
61207	0
61208	0
61209	1
61210	1
61211	1
61212	1
61213	1
61218	1
61219	1
61220	1
61221	1
61222	1
61223	1
61224	1
61225	1
61226	1
61227	1
61228	1
61229	1
61230	1
61231	1
61232	1
61233	1
61234	1
61235	1
61236	1
61237	1
61278	0
61279	0
61280	0
61281	0
61282	0
61283	0
61284	0
61285	0
61286	0
61287	0
61288	0
61289	0
61290	1
61291	1
61292	1
61293	1
61294	1
61300	1
61301	1
61302	1
61303	1
61304	1
61305	1
61306	1
61307	1
61308	1
61309	1
61310	1
61311	1
61312	1
61313	1
61314	1
61315	1
61316	1
61317	1
61318	1
61358	0
61359	0
61360	0
61361	0
61362	0
61363	0
61364	0
61365	0
61366	0
61367	0
61368	0
61369	0
61370	0
61371	1
61372	1
61373	1
61374	1
61375	1
61380	1
61382	1
61383	1
61384	1
61385	1
61386	1
61387	1
61388	1
61389	1
61390	1
61391	1
61392	1
61393	1
61394	1
61395	1
61396	1
61397	1
61398	1
61439	0
61440	0
61441	0
61442	0
61443	0
61444	0
61445	0
61446	0
61447	0
61448	0
61449	0
61450	0
61451	0
61452	1
61453	1
61454	1
61455	1
61456	1
61464	1
61465	1
61466	1
61467	1
61468	1
61469	1
61470	1
61471	1
61472	1
61473	1
61474	1
61475	1
61476	1
61477	1
61478	1
61479	1
61480	1
61520	0
61521	0
61522	0
61523	0
61524	0
61525	0
61526	0
61527	0
61528	0
61529	0
61530	0
61531	0
61532	0
61533	1
61534	1
61535	1
61536	1
61537	1
61543	1
61545	1
61546	1
61547	1
61548	1
61549	1
61550	1
61551	1
61552	1
61553	1
61554	1
61555	1
61556	1
61557	1
61558	1
61559	1
61560	1
61561	1
61600	0
61601	0
61602	0
61603	0
61604	0
61605	0
61606	0
61607	0
61608	0
61609	0
61610	0
61611	0
61612	0
61613	0
61614	1
61615	1
61616	1
61617	1
61626	1
61627	1
61628	1
61629	1
61630	1
61631	1
61632	1
61633	1
61634	1
61635	1
61636	1
61637	1
61638	1
61639	1
61640	1
61681	0
61682	0
61683	0
61684	0
61685	0
61686	0
61687	0
61688	0
61689	0
61690	0
61691	0
61692	0
61693	0
61694	0
61695	1
61696	1
61697	1
61698	1
61699	1
61707	1
61708	1
61709	1
61710	1
61711	1
61712	1
61713	1
61714	1
61715	1
61716	1
61717	1
61718	1
61719	1
61720	1
61721	1
61722	1
61723	1
61762	0
61763	0
61764	0
61765	0
61766	0
61767	0
61768	0
61769	0
61770	0
61771	0
61772	0
61773	0
61774	0
61775	0
61776	0
61777	1
61778	1
61779	1
61780	1
61786	1
61789	1
61790	1
61791	1
61792	1
61793	1
61794	1
61795	1
61796	1
61797	1
61798	1
61799	1
61800	1
61801	1
61802	1
61803	1
61804	1
61842	0
61843	0
61844	0
61845	0
61846	0
61847	0
61848	0
61849	0
61850	0
61851	0
61852	0
61853	0
61854	0
61855	0
61856	0
61857	1
61858	1
61859	1
61860	1
61861	1
61866	1
61869	1
61870	1
61871	1
61872	1
61873	1
61874	1
61875	1
61876	1
61877	1
61878	1
61879	1
61880	1
61881	1
61882	1
61883	1
61884	1
61923	0
61924	0
61925	0
61926	0
61927	0
61928	0
61929	0
61930	0
61931	0
61932	0
61933	0
61934	0
61935	0
61936	0
61937	0
61938	1
61939	1
61940	1
61941	1
61942	1
61947	1
61948	1
61951	1
61952	1
61953	1
61954	1
61955	1
61956	1
61957	1
61958	1
61959	1
61960	1
61961	1
61962	1
61963	1
61964	1
61965	1
61966	1
62004	0
62005	0
62006	0
62007	0
62008	0
62009	0
62010	0
62011	0
62012	0
62013	0
62014	0
62015	0
62016	0
62017	0
62018	0
62019	0
62020	1
62021	1
62022	1
62023	1
62029	1
62030	1
62031	1
62032	1
62033	1
62034	1
62035	1
62036	1
62037	1
62038	1
62039	1
62040	1
62041	1
62042	1
62043	1
62044	1
62045	1
62046	1
62047	1
62084	0
62085	0
62086	0
62087	0
62088	0
62089	0
62090	0
62091	0
62092	0
62093	0
62094	0
62095	0
62096	0
62097	0
62098	0
62099	0
62100	1
62101	1
62102	1
62103	1
62104	1
62109	1
62110	1
62111	1
62113	1
62114	1
62115	1
62116	1
62117	1
62118	1
62119	1
62120	1
62121	1
62122	1
62123	1
62124	1
62125	1
62126	1
62127	1
62128	1
62165	0
62166	0
62167	0
62168	0
62169	0
62170	0
62171	0
62172	0
62173	0
62174	0
62175	0
62176	0
62177	0
62178	0
62179	0
62180	0
62181	0
62182	1
62183	1
62184	1
62185	1
62189	1
62190	1
62191	1
62192	1
62193	1
62194	1
62195	1
62196	1
62197	1
62198	1
62199	1
62200	1
62201	1
62202	1
62203	1
62204	1
62205	1
62206	1
62207	1
62208	1
62209	1
62247	0
62248	0
62249	0
62250	0
62251	0
62252	0
62253	0
62254	0
62255	0
62256	0
62257	0
62259	0
62260	0
62261	0
62262	0
62263	1
62264	1
62265	1
62266	1
62267	1
62271	1
62272	1
62273	1
62274	1
62275	1
62276	1
62277	1
62278	1
62279	1
62280	1
62281	1
62282	1
62283	1
62284	1
62285	1
62286	1
62287	1
62288	1
62289	1
62290	0
62327	0
62328	0
62329	0
62330	0
62331	0
62332	0
62333	0
62334	0
62335	0
62336	0
62337	0
62338	0
62339	0
62340	0
62341	0
62342	0
62343	1
62344	1
62345	1
62346	1
62347	1
62351	1
62352	1
62353	1
62354	1
62355	1
62356	1
62357	1
62358	1
62359	1
62360	1
62361	1
62362	1
62363	1
62364	1
62365	1
62366	1
62367	1
62368	1
62369	1
62370	1
62371	0
62409	0
62410	0
62411	0
62412	0
62413	0
62414	0
62415	0
62416	0
62417	0
62418	0
62419	0
62420	0
62421	0
62422	0
62423	0
62424	0
62425	1
62426	1
62427	1
62428	1
62429	1
62432	1
62433	1
62434	1
62435	1
62436	1
62437	1
62438	1
62439	1
62440	1
62441	1
62442	1
62443	1
62444	1
62445	1
62446	1
62447	1
62448	1
62449	1
62450	1
62451	1
62452	0
62490	0
62491	0
62492	0
62493	0
62494	0
62495	0
62496	0
62497	0
62498	0
62499	0
62500	0
62501	0
62502	0
62503	0
62504	0
62505	1
62506	1
62508	1
62509	1
62510	1
62511	1
62512	1
62513	1
62514	1
62515	1
62516	1
62517	1
62518	1
62519	1
62520	1
62521	1
62522	1
62523	1
62524	1
62525	1
62526	1
62527	1
62528	1
62529	1
62530	1
62531	1
62532	1
62533	0
62571	0
62572	0
62573	0
62574	0
62575	0
62576	0
62577	0
62578	0
62579	0
62580	0
62581	0
62582	0
62583	0
62584	0
62585	1
62586	1
62587	1
62588	1
62589	1
62590	1
62591	1
62592	1
62593	1
62594	1
62595	1
62596	1
62597	1
62598	1
62599	1
62600	1
62601	1
62602	1
62603	1
62604	1
62605	1
62606	1
62607	1
62608	1
62609	1
62610	1
62611	1
62612	1
62613	1
62614	0
62652	0
62653	0
62654	0
62655	0
62656	0
62657	0
62658	0
62659	0
62660	0
62661	0
62662	0
62663	0
62664	0
62665	0
62666	0
62667	1
62668	1
62669	1
62670	1
62671	1
62672	1
62673	1
62674	1
62675	1
62676	1
62677	1
62678	1
62679	1
62680	1
62681	1
62682	1
62683	1
62684	1
62685	1
62686	1
62687	1
62688	1
62689	1
62690	1
62691	1
62692	1
62693	1
62694	1
62695	0
62734	0
62735	0
62736	0
62737	0
62738	0
62739	0
62740	0
62741	0
62742	0
62743	0
62744	0
62745	0
62746	0
62747	0
62748	1
62749	1
62750	1
62751	1
62752	1
62753	1
62754	1
62755	1
62756	1
62757	1
62758	1
62759	1
62760	1
62761	1
62762	1
62763	1
62764	1
62765	1
62766	1
62767	1
62768	1
62769	1
62770	1
62771	1
62772	1
62773	1
62774	1
62775	1
62776	0
62814	0
62815	0
62816	0
62817	0
62818	0
62819	0
62820	0
62821	0
62822	0
62823	0
62824	0
62825	0
62826	1
62827	0
62828	0
62829	1
62830	1
62831	1
62832	1
62833	1
62834	1
62835	1
62836	1
62837	1
62838	1
62839	1
62840	1
62841	1
62842	1
62843	1
62844	1
62845	1
62846	1
62847	1
62848	1
62849	1
62850	1
62851	1
62852	1
62853	1
62854	1
62855	1
62856	1
62857	0
62896	0
62897	0
62898	0
62899	0
62900	0
62901	0
62902	0
62903	0
62904	0
62905	0
62906	0
62907	0
62908	1
62909	1
62910	1
62911	1
62912	1
62913	1
62914	1
62915	1
62916	1
62917	1
62918	1
62919	1
62920	1
62921	1
62922	1
62923	1
62924	1
62925	1
62926	1
62927	1
62928	1
62929	1
62930	1
62931	1
62932	1
62933	1
62934	1
62935	1
62936	1
62937	1
62938	0
62977	0
62978	0
62979	0
62980	0
62981	0
62982	0
62983	0
62984	0
62985	0
62986	0
62987	0
62988	1
62989	1
62990	1
62991	1
62992	1
62993	1
62994	1
62995	1
62996	1
62997	1
62998	1
62999	1
63000	1
63001	1
63002	1
63003	1
63004	1
63005	1
63006	1
63007	1
63008	1
63009	1
63010	1
63011	1
63012	1
63013	1
63014	1
63015	1
63016	1
63017	1
63018	1
63019	0
63058	0
63059	0
63060	0
63061	0
63062	0
63063	0
63064	0
63065	0
63066	0
63067	0
63068	1
63069	1
63070	1
63071	1
63072	1
63074	1
63075	1
63076	1
63077	1
63078	1
63079	1
63080	1
63081	1
63082	1
63083	1
63084	1
63085	1
63086	1
63087	1
63088	1
63089	1
63090	1
63091	1
63092	1
63093	1
63094	1
63095	1
63096	1
63097	1
63098	1
63099	1
63100	0
63139	0
63140	0
63141	0
63142	0
63143	0
63145	0
63146	0
63147	0
63148	1
63149	0
63150	1
63151	1
63152	1
63153	1
63154	1
63155	1
63156	1
63157	1
63158	1
63159	1
63160	1
63161	1
63162	1
63163	1
63164	1
63165	1
63166	1
63167	1
63168	1
63169	1
63170	1
63171	1
63172	1
63173	1
63174	1
63175	1
63176	1
63177	1
63178	1
63179	1
63180	1
63181	0
63221	0
63222	0
63223	0
63226	0
63227	0
63228	0
63229	1
63230	1
63231	1
63232	1
63233	1
63234	1
63235	1
63236	1
63237	1
63238	1
63239	1
63240	1
63241	1
63242	1
63243	1
63244	1
63245	1
63246	1
63247	1
63248	1
63249	1
63250	1
63251	1
63252	1
63253	1
63254	1
63255	1
63256	1
63257	1
63258	1
63259	1
63260	1
63261	1
63262	0
63301	0
63302	0
63307	0
63308	0
63309	0
63310	1
63311	1
63312	1
63313	1
63314	1
63315	1
63316	1
63317	1
63318	1
63319	1
63320	1
63321	1
63322	1
63323	1
63324	0
63325	1
63326	1
63327	1
63328	1
63329	1
63330	1
63331	1
63332	1
63333	1
63334	1
63335	1
63336	1
63337	1
63338	1
63339	1
63340	1
63341	1
63342	1
63343	0
63383	0
63389	0
63390	0
63391	1
63392	1
63393	1
63394	1
63395	1
63396	1
63397	1
63398	1
63399	1
63400	1
63401	1
63402	1
63403	1
63404	1
63405	1
63406	0
63407	1
63408	1
63409	1
63410	1
63411	1
63412	1
63413	1
63414	1
63415	1
63416	1
63417	1
63418	1
63419	1
63420	1
63421	1
63422	1
63424	0
63470	0
63471	0
63472	1
63473	1
63474	1
63475	1
63476	1
63477	1
63478	1
63479	1
63480	1
63481	1
63482	1
63483	1
63484	1
63485	1
63486	1
63487	0
63488	1
63489	1
63490	1
63491	1
63492	1
63493	1
63494	1
63495	1
63496	1
63497	1
63498	1
63499	1
63500	1
63501	1
63502	1
63503	1
63504	1
63505	0
63550	0
63551	1
63552	0
63553	1
63554	1
63555	1
63556	1
63557	1
63558	1
63559	1
63560	1
63561	1
63562	1
63563	1
63564	1
63565	1
63566	1
63567	0
63568	0
63569	1
63570	1
63571	1
63572	1
63573	1
63574	1
63575	1
63576	1
63577	1
63578	1
63579	1
63580	1
63581	1
63582	1
63583	1
63584	1
63585	1
63586	0
63632	1
63633	1
63634	1
63635	1
63636	1
63637	1
63638	1
63639	1
63640	1
63641	1
63642	1
63643	1
63644	1
63645	1
63646	1
63647	1
63648	1
63649	0
63650	1
63651	1
63652	1
63653	1
63654	1
63655	1
63656	1
63657	1
63658	1
63659	1
63660	1
63661	1
63662	1
63663	1
63664	1
63665	1
63666	1
63667	0
63713	1
63714	1
63715	1
63716	1
63717	1
63718	1
63719	1
63720	1
63721	1
63722	1
63723	1
63724	1
63725	1
63726	1
63727	1
63728	1
63729	1
63730	0
63731	0
63732	1
63733	1
63734	1
63735	1
63736	1
63737	1
63738	1
63739	1
63740	1
63741	1
63742	1
63743	1
63744	1
63745	1
63746	1
63747	1
63748	1
63793	0
63794	1
63795	1
63796	1
63797	1
63798	1
63799	1
63800	1
63801	1
63802	1
63803	1
63804	1
63805	0
63806	1
63807	1
63808	1
63809	1
63810	1
63811	0
63812	1
63813	1
63814	1
63815	1
63816	1
63817	1
63818	1
63819	1
63820	1
63821	1
63822	1
63823	1
63824	1
63825	1
63826	1
63827	0
63828	1
63829	0
63873	0
63874	0
63875	1
63876	1
63877	1
63878	1
63879	1
63880	1
63881	1
63882	1
63883	1
63884	1
63885	1
63886	1
63887	0
63888	1
63889	1
63890	1
63894	1
63895	1
63896	1
63897	1
63898	1
63899	1
63900	1
63901	1
63902	1
63903	1
63904	1
63905	1
63906	1
63907	1
63908	1
63909	0
63910	0
63954	0
63955	0
63956	0
63957	1
63958	1
63959	1
63960	1
63961	1
63962	1
63963	1
63964	1
63965	1
63967	1
63968	0
63969	0
63970	1
63971	1
63976	1
63977	1
63978	1
63979	1
63980	1
63981	1
63982	1
63983	1
63984	1
63985	1
63986	1
63987	1
63988	1
63989	1
63990	0
63991	0
64034	0
64035	0
64036	0
64037	0
64038	1
64039	1
64040	1
64041	1
64042	1
64043	1
64044	1
64045	1
64048	0
64049	0
64050	1
64051	1
64056	1
64057	1
64058	1
64059	1
64060	1
64061	1
64062	1
64063	1
64064	1
64065	1
64066	1
64067	1
64068	1
64069	1
64070	0
64071	0
64072	0
64115	0
64116	0
64117	0
64118	0
64119	0
64120	1
64121	1
64122	1
64123	1
64124	1
64125	1
64126	1
64127	1
64131	1
64138	1
64139	1
64140	1
64141	1
64142	1
64143	1
64144	1
64145	1
64146	1
64147	1
64148	1
64149	1
64150	1
64151	1
64152	0
64153	0
64196	0
64197	0
64198	0
64199	0
64200	0
64201	1
64202	1
64203	0
64204	1
64205	1
64206	1
64207	1
64208	1
64219	1
64220	1
64221	1
64222	1
64223	1
64224	1
64225	1
64226	1
64227	1
64228	1
64229	1
64230	1
64231	1
64232	1
64233	0
64234	0
64276	0
64277	0
64278	0
64279	0
64280	0
64281	0
64282	1
64283	1
64284	0
64285	0
64286	1
64287	1
64288	1
64293	0
64300	1
64301	1
64302	1
64303	1
64304	1
64305	1
64306	1
64307	1
64308	1
64309	1
64310	1
64311	1
64312	1
64313	1
64314	0
64315	0
64358	0
64359	0
64360	0
64361	0
64362	0
64363	0
64364	1
64365	0
64366	0
64367	0
64368	0
64369	1
64382	1
64383	1
64384	1
64385	1
64386	1
64387	1
64388	1
64389	1
64390	1
64391	1
64392	1
64393	1
64394	1
64395	0
64396	0
64439	0
64440	0
64441	0
64442	0
64443	0
64444	0
64445	0
64446	0
64447	0
64448	0
64449	0
64450	1
64451	1
64463	1
64464	1
64465	1
64466	1
64467	1
64468	1
64469	1
64470	1
64471	1
64472	1
64473	1
64474	1
64475	1
64476	0
64477	0
64519	0
64520	0
64521	0
64522	0
64523	0
64524	0
64525	0
64526	0
64527	0
64528	0
64529	0
64530	0
64531	1
64544	1
64545	1
64546	1
64547	1
64548	1
64549	1
64550	1
64551	1
64552	1
64553	1
64554	1
64555	1
64556	1
64557	0
64558	0
64601	0
64602	0
64603	0
64604	0
64605	0
64606	0
64607	0
64608	0
64609	0
64610	0
64611	0
64612	1
64625	1
64626	1
64627	1
64628	1
64629	1
64630	1
64631	1
64632	1
64633	1
64634	1
64635	1
64636	1
64637	1
64638	0
64639	0
64682	0
64683	0
64684	0
64685	0
64686	0
64687	0
64688	0
64689	0
64690	0
64691	0
64692	0
64693	1
64694	1
64707	1
64708	1
64709	1
64710	1
64711	1
64712	1
64713	1
64714	1
64715	1
64716	1
64717	1
64718	1
64719	1
64720	0
64763	0
64764	0
64765	0
64766	0
64767	0
64768	0
64769	0
64770	0
64771	0
64772	0
64773	0
64774	1
64783	0
64784	0
64787	1
64788	1
64789	1
64790	1
64791	1
64792	1
64793	1
64794	1
64795	1
64796	1
64797	1
64798	1
64799	1
64800	0
64801	0
64844	0
64845	0
64846	0
64847	0
64848	0
64849	0
64850	0
64851	0
64852	0
64853	0
64854	0
64855	1
64856	1
64864	0
64865	0
64866	0
64869	1
64870	1
64871	1
64872	1
64873	1
64874	1
64875	1
64876	1
64877	1
64878	1
64879	1
64880	1
64881	0
64882	0
64926	0
64927	0
64928	0
64929	0
64930	0
64931	0
64932	0
64933	0
64934	0
64935	0
64936	0
64937	0
64946	0
64947	0
64950	1
64951	1
64952	1
64953	1
64954	1
64955	1
64956	1
64957	1
64958	1
64959	1
64960	1
64961	1
64962	1
64963	0
65007	0
65008	0
65009	0
65010	0
65011	0
65012	0
65013	0
65014	0
65015	0
65016	0
65017	0
65018	0
65023	0
65026	0
65027	0
65028	0
65031	1
65032	1
65033	1
65034	1
65035	1
65036	1
65037	1
65038	1
65039	1
65040	1
65041	1
65042	1
65043	0
65044	0
65088	0
65089	0
65090	0
65091	0
65092	0
65093	0
65094	0
65095	0
65096	0
65097	0
65098	0
65099	0
65103	0
65104	0
65106	0
65107	0
65108	0
65109	0
65112	1
65113	1
65114	1
65115	1
65116	1
65117	1
65118	1
65119	1
65120	1
65121	1
65122	1
65123	1
65124	1
65125	0
65170	0
65171	0
65172	0
65173	0
65174	0
65175	0
65176	0
65177	0
65178	0
65179	0
65180	0
65181	0
65182	0
65183	0
65184	0
65185	0
65188	0
65189	0
65190	0
65191	0
65194	1
65195	1
65196	1
65197	1
65198	1
65199	1
65200	1
65201	1
65202	1
65203	1
65204	1
65205	1
65206	0
65251	0
65252	0
65253	0
65254	0
65255	0
65256	0
65257	0
65258	0
65259	0
65260	0
65261	0
65262	0
65263	0
65264	0
65265	0
65266	0
65268	0
65269	0
65270	0
65271	0
65272	1
65274	1
65275	1
65276	1
65277	1
65278	1
65279	1
65280	1
65281	1
65282	1
65283	1
65284	1
65285	1
65286	0
65287	0
65332	0
65333	0
65334	0
65335	0
65336	0
65337	0
65338	0
65339	0
65340	0
65341	0
65342	0
65343	0
65344	0
65345	0
65346	0
65347	0
65349	0
65350	0
65351	0
65352	0
65353	0
65354	1
65355	1
65356	1
65357	1
65358	1
65359	0
65360	1
65361	1
65362	1
65363	1
65364	1
65365	1
65366	1
65367	1
65368	0
65413	0
65414	0
65415	0
65416	0
65417	0
65418	0
65419	0
65420	0
65421	0
65422	0
65423	0
65424	0
65425	0
65426	0
65427	0
65428	0
65429	0
65430	0
65431	0
65432	0
65433	0
65434	0
65435	1
65436	1
65437	1
65438	1
65439	1
65440	0
65441	0
65442	1
65443	1
65444	1
65445	1
65446	1
65447	1
65448	1
65449	0
65493	0
65494	0
65495	0
65496	0
65497	0
65498	0
65499	0
65500	0
65501	0
65502	0
65503	0
65504	0
65505	0
65506	0
65507	0
65508	0
65509	0
65510	0
65511	0
65512	0
65513	0
65514	0
65515	0
65516	1
65517	1
65518	1
65519	1
65520	1
65521	0
65522	1
65523	1
65524	1
65525	1
65526	1
65527	1
65528	0
65529	0
65530	0
65574	0
65575	0
65576	0
65577	0
65578	0
65579	0
65580	0
65581	0
65582	0
65583	0
65584	0
65585	0
65586	0
65587	0
65588	0
65589	0
65590	0
65591	0
65592	0
65593	0
65594	0
65595	0
65596	0
65597	1
65598	1
65599	1
65600	1
65601	1
65602	0
65603	0
65604	1
65605	1
65606	1
65607	1
65608	1
65609	0
65610	0
65611	0
65656	0
65657	0
65658	0
65659	0
65660	0
65661	0
65662	0
65663	0
65664	0
65665	0
65666	0
65667	0
65668	0
65669	0
65670	0
65671	0
65672	0
65673	0
65674	0
65675	0
65676	0
65677	0
65678	1
65679	1
65680	1
65681	0
65682	0
65683	1
65684	0
65685	1
65686	1
65687	1
65688	1
65689	1
65690	1
65691	0
65692	0
65737	0
65738	0
65739	0
65740	0
65741	0
65742	0
65743	0
65744	0
65745	0
65746	0
65747	0
65748	0
65749	0
65750	0
65751	0
65752	0
65753	0
65754	0
65755	0
65756	0
65757	0
65758	0
65759	0
65760	1
65761	0
65762	0
65763	0
65764	0
65765	1
65766	1
65767	1
65768	1
65769	1
65770	1
65771	0
65772	0
65773	0
65819	0
65820	0
65821	0
65822	0
65823	0
65824	0
65825	0
65826	0
65827	0
65828	0
65829	0
65830	0
65831	0
65832	0
65833	0
65834	0
65835	0
65836	0
65837	0
65838	0
65839	0
65840	0
65841	0
65842	0
65843	0
65844	0
65845	0
65846	0
65847	1
65848	1
65849	1
65850	1
65851	1
65852	1
65853	0
65854	0
65901	0
65902	0
65903	0
65904	0
65905	0
65906	0
65907	0
65908	0
65909	0
65910	0
65911	0
65912	0
65913	0
65914	0
65915	0
65916	0
65917	0
65918	0
65919	0
65920	0
65921	0
65922	0
65923	0
65924	0
65925	0
65926	0
65927	0
65928	1
65929	1
65930	1
65931	1
65932	1
65933	1
65934	0
65935	0
65982	0
65983	0
65984	0
65985	0
65986	0
65987	0
65988	0
65989	0
65990	0
65991	0
65992	0
65993	0
65994	0
65995	0
65996	0
65997	0
65998	0
65999	0
66000	0
66001	0
66002	0
66003	0
66004	0
66005	0
66006	0
66007	1
66008	1
66009	1
66010	1
66011	1
66012	1
66013	1
66014	1
66015	0
66016	0
66064	0
66065	0
66066	0
66067	0
66068	0
66069	0
66070	0
66071	0
66072	0
66073	0
66074	0
66075	0
66076	0
66077	0
66078	0
66079	0
66080	0
66081	0
66082	0
66083	0
66084	0
66085	0
66086	0
66087	0
66088	0
66089	1
66090	1
66091	1
66092	1
66093	1
66094	1
66095	1
66096	0
66097	0
66146	0
66147	0
66148	0
66149	0
66150	0
66151	0
66152	0
66153	0
66154	0
66155	0
66156	0
66157	0
66158	0
66159	0
66160	0
66161	0
66162	0
66163	0
66164	0
66165	0
66166	0
66167	0
66168	0
66169	0
66170	1
66171	1
66172	1
66173	1
66174	1
66175	1
66176	1
66177	0
66178	0
66227	0
66228	0
66229	0
66230	0
66231	0
66232	0
66233	0
66234	0
66235	0
66236	0
66237	0
66238	0
66239	0
66240	0
66242	0
66243	0
66244	0
66245	0
66246	0
66247	0
66248	0
66249	0
66250	0
66251	1
66252	1
66253	1
66254	1
66255	1
66256	1
66257	1
66258	0
66259	0
66309	0
66310	0
66311	0
66312	0
66313	0
66314	0
66315	0
66316	0
66317	0
66318	0
66319	0
66320	0
66321	0
66322	0
66323	0
66324	0
66325	0
66326	0
66327	0
66328	0
66329	0
66330	0
66331	0
66332	1
66333	1
66334	1
66335	1
66336	1
66337	1
66338	1
66339	0
66340	0
66391	0
66392	0
66393	0
66394	0
66395	0
66396	0
66397	0
66398	0
66399	0
66400	0
66401	0
66402	0
66403	0
66404	0
66405	0
66406	0
66407	0
66408	0
66409	0
66410	0
66411	0
66412	0
66413	0
66414	1
66415	1
66416	1
66417	1
66418	1
66419	1
66420	1
66421	0
66472	0
66473	0
66474	0
66475	0
66476	0
66477	0
66478	0
66479	0
66480	0
66481	0
66482	0
66483	0
66484	0
66485	0
66486	0
66487	0
66488	0
66489	0
66490	0
66491	0
66492	0
66493	0
66494	1
66495	1
66496	1
66497	1
66498	1
66499	1
66500	1
66501	0
66502	0
66554	0
66555	0
66556	0
66557	0
66558	0
66559	0
66560	0
66561	0
66562	0
66563	0
66564	0
66565	0
66566	0
66567	0
66568	0
66570	0
66571	0
66572	0
66573	0
66574	0
66575	1
66576	1
66577	1
66578	1
66579	1
66580	1
66581	1
66582	1
66583	0
66636	0
66637	0
66638	0
66639	0
66640	0
66641	0
66642	0
66643	0
66644	0
66645	0
66646	0
66647	0
66648	0
66649	0
66650	0
66651	0
66652	0
66653	0
66654	0
66655	0
66656	0
66657	1
66658	1
66659	1
66660	1
66661	1
66662	1
66663	1
66664	0
66717	0
66718	0
66719	0
66720	0
66721	0
66722	0
66723	0
66724	0
66725	0
66726	0
66727	0
66728	0
66729	0
66730	0
66732	0
66733	0
66734	0
66735	0
66736	0
66737	1
66738	1
66739	1
66740	1
66741	1
66742	1
66743	1
66744	1
66745	0
66799	0
66800	0
66801	0
66802	0
66803	0
66804	0
66805	0
66806	0
66807	0
66808	0
66809	0
66810	0
66811	0
66814	0
66815	0
66816	0
66817	0
66818	0
66819	0
66820	0
66821	1
66822	1
66823	1
66824	1
66825	1
66826	0
66882	0
66883	0
66884	0
66885	0
66886	0
66887	0
66888	0
66889	0
66890	0
66891	0
66892	0
66893	0
66895	0
66896	0
66897	0
66898	0
66899	0
66900	0
66901	0
66902	0
66903	0
66904	1
66905	1
66906	1
66907	0
66963	0
66964	0
66965	0
66966	0
66967	0
66968	0
66969	0
66970	0
66971	0
66972	0
66973	0
66974	0
66975	0
66976	0
66977	0
66978	0
66979	0
66980	0
66981	0
66982	0
66983	0
66984	0
66985	1
66986	1
66987	1
66988	0
67045	0
67046	0
67047	0
67048	0
67049	0
67051	0
67052	0
67053	0
67054	0
67055	0
67056	0
67057	0
67058	0
67059	0
67060	0
67061	0
67062	0
67063	0
67064	0
67065	0
67066	1
67067	1
67068	1
67069	0
67127	0
67128	0
67129	0
67130	0
67133	0
67134	0
67135	0
67136	0
67137	0
67138	0
67140	0
67141	0
67142	0
67143	0
67144	0
67145	0
67146	0
67147	0
67148	0
67149	0
67150	0
67208	0
67209	0
67210	0
67214	0
67215	0
67216	0
67217	0
67218	0
67219	0
67220	0
67221	0
67222	0
67223	0
67224	0
67225	0
67226	0
67227	0
67228	0
67229	0
67230	0
67231	0
67290	0
67291	0
67296	0
67297	0
67298	0
67299	0
67300	0
67301	0
67302	0
67303	0
67304	0
67305	0
67306	0
67307	0
67308	0
67309	0
67310	0
67311	0
67312	0
67378	0
67379	0
67380	0
67381	0
67382	0
67383	0
67384	0
67385	0
67386	0
67387	0
67388	0
67389	0
67390	0
67391	0
67392	0
67393	0
67459	0
67460	0
67461	0
67462	0
67463	0
67464	0
67465	0
67466	0
67467	0
67468	0
67469	0
67470	0
67471	0
67472	0
67473	0
67474	0
67541	0
67542	0
67543	0
67544	0
67545	0
67546	0
67547	0
67548	0
67549	0
67550	0
67551	0
67552	0
67553	0
67554	0
67555	0
67623	0
67624	0
67625	0
67626	0
67627	0
67628	0
67629	0
67630	0
67631	0
67632	0
67633	0
67634	0
67635	0
67636	0
67704	0
67705	0
67706	0
67707	0
67708	0
67709	0
67710	0
67711	0
67712	0
67713	0
67714	0
67715	0
67716	0
67717	0
67785	0
67786	0
67787	0
67788	0
67789	0
67790	0
67791	0
67792	0
67793	0
67794	0
67795	0
67796	0
67797	0
67798	0
67867	0
67868	0
67869	0
67870	0
67871	0
67872	0
67873	0
67874	0
67875	0
67876	0
67877	0
67878	0
67879	0
67947	0
67948	0
67949	0
67950	0
67951	0
67952	0
67953	0
67954	0
67955	0
67956	0
67957	0
67958	0
67959	0
67960	0
68029	0
68030	0
68031	0
68032	0
68033	0
68034	0
68035	0
68036	0
68037	0
68038	0
68039	0
68040	0
68041	0
68111	0
68112	0
68113	0
68114	0
68115	0
68116	0
68117	0
68118	0
68119	0
68120	0
68121	0
68122	0
68192	0
68193	0
68194	0
68195	0
68196	0
68197	0
68198	0
68199	0
68200	0
68201	0
68202	0
68203	0
68274	0
68275	0
68276	0
68277	0
68278	0
68279	0
68280	0
68281	0
68282	0
68283	0
68284	0
68356	0
68357	0
68358	0
68359	0
68360	0
68361	0
68362	0
68363	0
68364	0
68365	0
68437	0
68438	0
68439	0
68440	0
68441	0
68442	0
68443	0
68444	0
68445	0
68446	0
68519	0
68520	0
68521	0
68522	0
68523	0
68524	0
68525	0
68526	0
68527	0
68601	0
68602	0
68603	0
68604	0
68605	0
68606	0
68607	0
68608	0
68682	0
68683	0
68684	0
68685	0
68686	0
68687	0
68688	0
68689	0
68764	0
68765	0
68766	0
68767	0
68768	0
68769	0
68770	0
68846	0
68847	0
68848	0
68849	0
68850	0
68851	0
68927	0
68928	0
68929	0
68930	0
68931	0
68932	0
69009	0
69010	0
69011	0
69012	0
69013	0
69091	0
69092	0
69093	0
69094	0
69172	0
69173	0
69174	0
69175	0
69256	0
78773	0
78774	0
78775	0
78776	0
78777	0
78778	0
78779	0
78780	0
78781	0
78782	0
78783	0
78784	0
78785	0
78786	0
78787	0
78788	0
78789	0
78790	0
78791	0
78792	0
78793	0
78794	0
78795	0
78796	0
78797	0
78798	0
78799	0
78800	0
78801	0
78802	1
78810	1
78811	1
78812	1
78813	1
78814	1
78854	0
78855	0
78856	0
78857	0
78858	0
78859	0
78860	0
78861	0
78862	0
78863	0
78864	0
78865	0
78866	0
78867	0
78868	0
78869	0
78870	0
78871	0
78872	0
78873	0
78874	0
78875	0
78876	0
78877	0
78878	0
78879	0
78880	0
78881	0
78883	1
78887	1
78891	1
78892	1
78893	1
78895	1
78935	0
78936	0
78937	0
78938	0
78939	0
78940	0
78941	0
78942	0
78943	0
78944	0
78945	0
78946	0
78947	0
78948	0
78949	0
78950	0
78951	0
78952	0
78953	0
78954	0
78955	0
78956	0
78957	0
78958	0
78959	0
78960	0
78961	0
78962	0
78964	0
78965	0
78967	1
78968	1
78969	1
78972	1
78973	1
78974	1
78976	1
79017	0
79018	0
79019	0
79020	0
79021	0
79022	0
79023	0
79024	0
79025	0
79026	0
79027	0
79028	0
79029	0
79030	0
79031	0
79032	0
79033	0
79034	0
79035	0
79036	0
79037	0
79038	0
79039	0
79040	0
79041	0
79042	0
79043	0
79046	0
79047	0
79048	0
79049	0
79050	0
79054	1
79055	1
79056	1
79057	1
79097	0
79098	0
79099	0
79100	0
79101	0
79102	0
79103	0
79104	0
79105	0
79106	0
79107	0
79108	0
79109	0
79110	0
79111	0
79112	0
79113	0
79114	0
79115	0
79116	0
79117	0
79118	0
79119	0
79120	0
79121	0
79122	0
79123	0
79124	0
79127	0
79128	0
79129	0
79130	0
79131	0
79134	1
79135	1
79136	1
79137	1
79138	1
79179	0
79180	0
79181	0
79182	0
79183	0
79184	0
79185	0
79186	0
79187	0
79188	0
79189	0
79190	0
79191	0
79192	0
79193	0
79194	0
79195	0
79196	0
79197	0
79198	0
79199	0
79200	0
79201	0
79202	0
79203	0
79205	0
79206	0
79208	0
79210	0
79211	0
79212	0
79213	0
79216	1
79217	1
79218	1
79219	1
79261	0
79262	0
79263	0
79264	0
79265	0
79266	0
79267	0
79268	0
79269	0
79270	0
79271	0
79272	0
79273	0
79274	0
79275	0
79276	0
79277	0
79278	0
79279	0
79280	0
79281	0
79282	0
79283	0
79284	0
79285	0
79287	0
79288	0
79289	0
79290	0
79291	0
79292	0
79293	0
79294	0
79298	1
79299	1
79300	1
79341	0
79342	0
79343	0
79344	0
79345	0
79346	0
79347	0
79348	0
79349	0
79350	0
79351	0
79352	0
79353	0
79354	0
79355	0
79356	0
79357	0
79358	0
79359	0
79360	0
79361	0
79362	0
79363	0
79364	0
79365	0
79366	0
79367	0
79368	0
79369	0
79370	0
79371	0
79372	0
79373	0
79374	0
79378	1
79379	1
79380	1
79381	1
79423	0
79424	0
79425	0
79426	0
79427	0
79428	0
79429	0
79430	0
79431	0
79432	0
79433	0
79434	0
79435	0
79436	0
79437	0
79438	0
79439	0
79440	0
79441	0
79442	0
79443	0
79444	0
79445	0
79446	0
79447	0
79449	0
79450	0
79451	0
79452	0
79453	0
79454	0
79455	0
79456	0
79460	1
79461	1
79462	1
79505	0
79506	0
79507	0
79508	0
79509	0
79510	0
79511	0
79512	0
79513	0
79514	0
79515	0
79516	0
79517	0
79518	0
79519	0
79520	0
79521	0
79522	0
79523	0
79524	0
79525	0
79526	0
79527	0
79528	0
79529	0
79530	0
79531	0
79532	0
79533	0
79534	0
79535	0
79536	0
79537	0
79541	1
79542	1
79543	1
79585	0
79586	0
79587	0
79588	0
79589	0
79590	0
79591	0
79592	0
79593	0
79594	0
79595	0
79596	0
79597	0
79598	0
79599	0
79600	0
79601	0
79602	0
79603	0
79604	0
79605	0
79606	0
79607	0
79608	0
79609	0
79610	0
79611	0
79612	0
79613	0
79614	0
79615	0
79616	0
79617	0
79618	0
79621	0
79622	1
79623	1
79624	1
79667	0
79668	0
79669	0
79670	0
79671	0
79672	0
79673	0
79674	0
79675	0
79676	0
79677	0
79678	0
79679	0
79680	0
79681	0
79682	0
79683	0
79684	0
79685	0
79686	0
79687	0
79688	0
79689	0
79690	0
79691	0
79692	0
79693	0
79694	0
79695	0
79696	0
79697	0
79698	0
79699	0
79703	1
79704	1
79705	1
79749	0
79750	0
79751	0
79752	0
79753	0
79754	0
79755	0
79756	0
79757	0
79758	0
79759	0
79760	0
79761	0
79762	0
79763	0
79764	0
79765	0
79766	0
79767	0
79768	0
79769	0
79770	0
79771	0
79772	0
79773	0
79774	0
79775	0
79776	0
79777	0
79778	0
79779	0
79780	0
79781	0
79784	0
79785	1
79786	1
79830	0
79831	0
79832	0
79833	0
79834	0
79835	0
79836	0
79837	0
79838	0
79839	0
79840	0
79841	0
79842	0
79843	0
79844	0
79845	0
79846	0
79847	0
79848	0
79849	0
79850	0
79851	0
79852	0
79853	0
79854	0
79855	0
79856	0
79857	0
79858	0
79859	0
79860	0
79861	0
79864	0
79865	0
79866	1
79867	1
79912	0
79913	0
79914	0
79915	0
79916	0
79917	0
79918	0
79919	0
79920	0
79921	0
79922	0
79923	0
79924	0
79925	0
79926	0
79927	0
79928	0
79929	0
79930	0
79931	0
79932	0
79933	0
79934	0
79935	0
79936	0
79937	0
79938	0
79939	0
79940	0
79941	0
79942	0
79945	0
79946	0
79947	0
79948	1
79994	0
79995	0
79996	0
79997	0
79998	0
79999	0
80000	0
80001	0
80002	0
80003	0
80004	0
80005	0
80006	0
80007	0
80008	0
80009	0
80010	0
80011	0
80012	0
80013	0
80014	0
80015	0
80016	0
80017	0
80018	0
80019	0
80020	0
80021	0
80022	0
80023	0
80026	0
80027	0
80028	0
80029	1
80075	0
80076	0
80077	0
80078	0
80079	0
80080	0
80081	0
80082	0
80083	0
80084	0
80085	0
80086	0
80087	0
80088	0
80089	0
80090	0
80091	0
80092	0
80093	0
80094	0
80095	0
80097	0
80098	0
80099	0
80100	0
80101	0
80102	0
80103	0
80106	0
80107	0
80108	0
80109	1
80110	1
80157	0
80158	0
80159	0
80160	0
80161	0
80162	0
80163	0
80164	0
80165	0
80166	0
80167	0
80168	0
80169	0
80170	0
80171	0
80172	0
80173	0
80174	0
80175	0
80176	0
80177	0
80179	0
80180	0
80181	0
80182	0
80183	0
80184	0
80187	0
80188	0
80189	0
80190	0
80191	1
80239	0
80240	0
80241	0
80242	0
80243	0
80244	0
80245	0
80246	0
80247	0
80248	0
80249	0
80250	0
80251	0
80252	0
80253	0
80254	0
80255	0
80256	0
80257	0
80258	0
80259	0
80261	0
80262	0
80263	0
80264	0
80265	0
80266	0
80268	0
80269	0
80270	0
80271	0
80272	1
80320	0
80321	0
80322	0
80323	0
80324	0
80325	0
80326	0
80327	0
80328	0
80329	0
80330	0
80331	0
80332	0
80333	0
80334	0
80335	0
80336	0
80337	0
80341	0
80342	0
80343	0
80344	0
80345	0
80346	0
80349	0
80350	0
80351	0
80352	1
80353	1
80402	0
80403	0
80404	0
80405	0
80406	0
80407	0
80408	0
80409	0
80410	0
80411	0
80412	0
80413	0
80414	0
80415	0
80416	0
80417	0
80418	0
80419	0
80423	0
80424	0
80425	0
80426	0
80427	0
80430	0
80431	0
80432	0
80433	1
80434	1
80484	0
80485	0
80486	0
80487	0
80488	0
80489	0
80490	0
80491	0
80492	0
80493	0
80494	0
80495	0
80496	0
80497	0
80498	0
80499	0
80500	0
80501	0
80504	0
80505	0
80506	0
80507	0
80508	0
80509	0
80511	0
80512	0
80513	0
80514	0
80515	1
80565	0
80566	0
80567	0
80568	0
80569	0
80570	0
80571	0
80572	0
80573	0
80574	0
80575	0
80576	0
80577	0
80578	0
80579	0
80580	0
80581	0
80585	0
80586	0
80587	0
80588	0
80589	0
80590	0
80591	0
80592	0
80593	0
80594	0
80595	1
80596	1
80647	0
80648	0
80649	0
80650	0
80651	0
80652	0
80654	0
80655	0
80656	0
80657	0
80658	0
80659	0
80660	0
80661	0
80662	0
80667	0
80668	0
80669	0
80670	0
80671	0
80672	0
80673	0
80674	0
80675	0
80676	1
80677	1
80729	0
80730	0
80731	0
80732	0
80736	0
80737	0
80738	0
80739	0
80742	0
80743	0
80749	0
80750	0
80751	0
80752	0
80753	0
80754	0
80755	0
80756	0
80757	0
80758	1
80810	0
80811	0
80812	0
80817	0
80818	0
80823	0
80824	0
80829	0
80830	0
80831	0
80832	0
80833	0
80834	0
80835	0
80836	0
80837	0
80838	1
80839	1
80892	0
80893	0
80910	0
80911	0
80912	0
80913	0
80914	0
80915	0
80916	0
80917	0
80918	0
80919	1
80920	1
80992	0
80993	0
80994	0
80995	0
80996	0
80997	0
80998	0
80999	0
81000	1
81001	1
81073	0
81074	0
81075	0
81076	0
81077	0
81078	0
81079	0
81080	1
81081	1
81154	0
81155	0
81156	0
81157	0
81158	0
81159	0
81160	0
81161	0
81162	1
81236	0
81237	0
81238	0
81239	0
81240	0
81241	0
81242	0
81243	1
81244	1
81316	0
81317	0
81318	0
81319	0
81320	0
81321	0
81322	0
81323	0
81324	1
81398	0
81399	0
81400	0
81401	0
81402	0
81403	0
81404	0
81405	1
81479	0
81480	0
81481	0
81482	0
81483	0
81484	0
81485	0
81486	0
81560	0
81561	0
81562	0
81563	0
81564	0
81565	0
81566	0
81641	0
81642	0
81643	0
81644	0
81645	0
81646	0
81647	0
81723	0
81724	0
81725	0
81726	0
81727	0
81728	0
81803	0
81804	0
81805	0
81806	0
81807	0
81808	0
81809	0
81885	0
81886	0
81887	0
81888	0
81889	0
81890	0
81891	0
81967	0
81968	0
81969	0
81970	0
81971	0
81972	0
82047	0
82048	0
82049	0
82050	0
82051	0
82129	0
82130	0
82131	0
82132	0
82210	0
82211	0
82212	0
82292	0