HID	PA
48489	0
48570	0
48571	0
48651	0
48652	0
48653	0
48731	0
48732	0
48733	0
48734	0
48812	0
48813	0
48814	0
48815	0
48816	0
48893	0
48894	0
48895	0
48896	0
48897	0
48898	0
48973	0
48974	0
48975	0
48976	0
48977	0
48978	0
48979	0
49054	0
49055	0
49056	0
49057	0
49058	0
49059	0
49060	0
49061	0
49135	0
49136	0
49137	0
49138	0
49139	0
49140	0
49141	0
49142	0
49143	0
49215	0
49216	0
49217	0
49218	0
49219	0
49220	0
49221	0
49222	0
49223	0
49224	0
49297	0
49298	0
49299	0
49300	0
49301	0
49302	0
49303	0
49304	0
49305	0
49306	0
49378	0
49379	0
49380	0
49381	0
49382	0
49383	0
49384	0
49385	0
49386	0
49387	0
49459	0
49460	0
49461	0
49462	0
49463	1
49464	0
49465	0
49466	0
49467	0
49468	0
49540	0
49541	0
49542	0
49543	0
49544	1
49545	1
49546	0
49547	0
49548	0
49549	0
49550	0
49622	0
49623	0
49624	0
49625	1
49626	1
49627	0
49628	0
49629	0
49630	0
49631	0
49702	0
49703	0
49704	0
49705	1
49706	1
49707	1
49708	1
49709	0
49710	0
49711	0
49712	0
49784	0
49785	0
49786	0
49787	1
49788	1
49789	1
49790	1
49791	0
49792	0
49793	0
49794	0
49865	0
49866	0
49867	0
49868	1
49869	1
49870	1
49871	1
49872	0
49873	0
49874	0
49875	0
49876	0
49946	0
49947	0
49948	0
49949	1
49950	1
49951	1
49952	1
49953	0
49954	0
49955	0
49956	0
49957	0
50027	0
50028	0
50029	0
50030	0
50031	1
50032	1
50033	1
50034	1
50035	0
50036	0
50037	0
50038	0
50109	0
50110	0
50111	0
50112	1
50113	1
50114	1
50115	1
50116	0
50117	0
50118	0
50119	0
50120	0
50189	0
50190	0
50191	0
50192	0
50193	1
50194	1
50195	1
50196	1
50197	0
50198	0
50199	0
50200	0
50201	0
50271	0
50272	0
50273	0
50274	0
50275	0
50276	1
50277	1
50278	1
50279	0
50280	0
50281	0
50282	0
50352	0
50353	0
50354	0
50355	0
50356	0
50357	1
50358	1
50359	1
50360	0
50361	0
50362	0
50363	0
50364	0
50433	0
50434	0
50435	0
50436	0
50437	0
50438	1
50439	1
50440	1
50441	1
50442	0
50443	0
50444	0
50445	0
50515	0
50516	0
50517	0
50518	0
50519	0
50520	1
50521	1
50522	1
50523	0
50524	0
50525	0
50526	0
50596	0
50597	0
50598	0
50599	0
50600	0
50601	1
50602	1
50603	1
50604	1
50605	0
50606	0
50607	0
50608	0
50677	0
50678	0
50679	0
50680	0
50681	0
50682	1
50683	1
50684	1
50685	1
50686	0
50687	0
50688	0
50689	0
50759	0
50760	0
50761	0
50762	0
50763	0
50764	1
50765	1
50766	1
50767	0
50768	0
50769	0
50770	0
50841	0
50842	0
50843	0
50844	0
50845	1
50846	1
50847	1
50848	1
50849	0
50850	0
50851	0
50852	0
50922	0
50923	0
50924	0
50925	0
50926	1
50927	1
50928	1
50929	1
50930	0
50931	0
50932	0
50933	0
51004	0
51005	0
51006	0
51007	0
51008	1
51009	1
51010	1
51011	0
51012	0
51013	0
51014	0
51085	0
51086	0
51087	0
51088	0
51089	1
51090	1
51091	1
51092	1
51093	0
51094	0
51095	0
51096	0
51166	0
51167	0
51168	0
51169	0
51170	1
51171	1
51172	1
51173	1
51174	0
51175	0
51176	0
51248	0
51249	0
51250	0
51251	0
51252	1
51253	1
51254	1
51255	0
51256	0
51257	0
51258	0
51329	0
51330	0
51331	0
51332	0
51333	1
51334	1
51335	1
51336	1
51337	0
51338	0
51339	0
51410	0
51411	0
51412	0
51413	0
51414	1
51415	1
51416	1
51417	1
51418	0
51419	0
51420	0
51492	0
51493	0
51494	0
51495	0
51496	1
51497	1
51498	1
51499	0
51500	0
51501	0
51573	0
51574	0
51575	0
51576	0
51577	1
51578	1
51579	1
51580	1
51581	0
51582	0
51583	0
51654	0
51655	0
51656	0
51657	0
51658	1
51659	1
51660	1
51661	0
51662	0
51663	0
51664	0
51736	0
51737	0
51738	0
51739	0
51740	1
51741	1
51742	0
51743	0
51744	0
51745	0
51794	0
51795	0
51817	0
51818	0
51819	0
51820	0
51821	1
51822	1
51823	1
51824	0
51825	0
51826	0
51827	0
51873	0
51874	0
51875	0
51876	0
51877	0
51897	0
51898	0
51899	0
51900	0
51901	1
51902	1
51903	1
51904	1
51905	0
51906	0
51907	0
51908	0
51954	0
51955	0
51956	0
51957	0
51958	0
51979	0
51980	0
51981	0
51982	0
51983	1
51984	1
51985	1
51986	0
51987	0
51988	0
51989	0
52035	0
52036	0
52037	0
52038	0
52039	0
52040	0
52060	0
52061	0
52062	0
52063	0
52064	1
52065	1
52066	1
52067	1
52068	0
52069	0
52070	0
52071	0
52115	0
52116	0
52117	0
52118	0
52119	0
52120	0
52121	0
52141	0
52142	0
52143	0
52144	0
52145	1
52146	1
52147	1
52148	1
52149	0
52150	0
52151	0
52152	0
52196	0
52197	0
52198	0
52199	0
52200	0
52201	0
52202	0
52222	0
52223	0
52224	0
52225	0
52226	1
52227	1
52228	1
52229	1
52230	0
52231	0
52232	0
52233	0
52277	0
52278	0
52279	0
52280	1
52281	0
52282	0
52283	0
52284	0
52304	0
52305	0
52306	0
52307	1
52308	1
52309	1
52310	1
52311	1
52312	0
52313	0
52314	0
52315	0
52357	0
52358	0
52359	0
52360	1
52361	1
52362	0
52363	0
52364	0
52365	0
52384	0
52385	0
52386	0
52387	1
52388	1
52389	1
52390	1
52391	1
52392	1
52393	0
52394	0
52395	0
52396	0
52439	0
52440	0
52441	1
52442	1
52443	0
52444	0
52445	0
52446	0
52466	0
52467	0
52468	0
52469	1
52470	1
52471	1
52472	1
52473	1
52474	0
52475	0
52476	0
52477	0
52520	0
52521	0
52522	1
52523	1
52524	1
52525	0
52526	0
52527	0
52528	0
52547	0
52548	0
52549	0
52550	1
52551	1
52552	1
52553	1
52554	1
52555	1
52556	0
52557	0
52558	0
52559	0
52601	0
52602	1
52603	1
52604	1
52605	1
52606	0
52607	0
52608	0
52609	0
52628	0
52629	0
52630	0
52631	1
52632	1
52633	1
52634	1
52635	1
52636	1
52637	0
52638	0
52639	0
52640	0
52682	0
52683	1
52684	1
52685	1
52686	1
52687	0
52688	0
52689	0
52690	0
52709	0
52710	0
52711	0
52712	0
52713	1
52714	1
52715	1
52716	1
52717	1
52718	0
52719	0
52720	0
52721	0
52763	0
52764	1
52765	1
52766	1
52767	1
52768	1
52769	0
52770	0
52771	0
52772	0
52791	0
52792	0
52793	0
52794	1
52795	1
52796	1
52797	1
52798	1
52799	1
52800	0
52801	0
52802	0
52803	0
52844	1
52845	1
52846	1
52847	1
52848	1
52849	1
52850	0
52851	0
52852	0
52853	0
52871	0
52872	0
52873	0
52874	1
52875	1
52876	1
52877	1
52878	1
52879	1
52880	1
52881	0
52882	0
52883	0
52925	1
52926	1
52927	1
52928	1
52929	1
52930	1
52931	0
52932	0
52933	0
52934	0
52953	0
52954	0
52955	0
52956	1
52957	1
52958	1
52959	1
52960	1
52961	1
52962	0
52963	0
52964	0
52965	0
53006	0
53007	1
53008	1
53009	1
53010	1
53011	1
53012	1
53013	0
53014	0
53015	0
53016	0
53034	0
53035	0
53036	0
53037	1
53038	1
53039	1
53040	1
53041	1
53042	1
53043	1
53044	0
53045	0
53046	0
53086	0
53087	0
53088	1
53089	1
53090	1
53091	1
53092	1
53093	1
53094	0
53095	0
53096	0
53097	0
53115	0
53116	0
53117	0
53118	1
53119	1
53120	1
53121	1
53122	1
53123	1
53124	1
53125	0
53126	0
53127	0
53168	0
53169	1
53170	1
53171	1
53172	1
53173	1
53174	1
53175	0
53176	0
53177	0
53178	0
53196	0
53197	0
53198	0
53199	0
53200	1
53201	1
53202	1
53203	1
53204	1
53205	1
53206	0
53207	0
53208	0
53249	1
53250	1
53251	1
53252	1
53253	1
53254	1
53255	1
53256	1
53257	0
53258	0
53259	0
53260	0
53278	0
53279	0
53280	0
53281	1
53282	1
53283	1
53284	1
53285	1
53286	1
53287	1
53288	0
53289	0
53290	0
53329	1
53330	1
53331	1
53332	1
53333	1
53334	1
53335	1
53336	1
53337	1
53338	0
53339	0
53340	0
53358	0
53359	0
53360	0
53361	0
53362	1
53363	1
53364	1
53365	1
53366	1
53367	1
53368	0
53369	0
53370	0
53411	1
53412	1
53413	1
53414	1
53415	1
53416	1
53417	1
53418	1
53419	0
53420	0
53421	0
53422	0
53440	0
53441	0
53442	0
53443	0
53444	1
53445	1
53446	1
53447	1
53448	1
53449	0
53450	0
53451	0
53452	0
53492	1
53493	1
53494	1
53495	1
53496	1
53497	1
53498	1
53499	1
53500	1
53501	0
53502	0
53503	0
53521	0
53522	0
53523	0
53524	0
53525	1
53526	1
53527	1
53528	1
53529	1
53530	1
53531	0
53532	0
53533	0
53534	0
53572	1
53573	1
53574	1
53575	1
53576	1
53577	1
53578	1
53579	1
53580	1
53581	1
53582	0
53583	0
53584	0
53602	0
53603	0
53604	0
53605	1
53606	1
53607	1
53608	1
53609	1
53610	1
53611	1
53612	0
53613	0
53614	0
53653	0
53654	1
53655	1
53656	1
53657	1
53658	1
53659	1
53660	1
53661	1
53662	1
53663	0
53664	0
53665	0
53666	0
53684	0
53685	0
53686	0
53687	1
53688	1
53689	1
53690	1
53691	1
53692	1
53693	0
53694	0
53695	0
53696	0
53734	0
53735	1
53736	1
53737	1
53738	1
53739	1
53740	1
53741	1
53742	1
53743	1
53744	0
53745	0
53746	0
53747	0
53765	0
53766	0
53767	0
53768	1
53769	1
53770	1
53771	1
53772	1
53773	1
53774	1
53775	0
53776	0
53777	0
53814	0
53815	1
53816	1
53817	1
53818	1
53819	1
53820	1
53821	1
53822	1
53823	1
53824	1
53825	0
53826	0
53827	0
53828	0
53846	0
53847	0
53848	0
53849	1
53850	1
53851	1
53852	1
53853	1
53854	1
53855	0
53856	0
53857	0
53858	0
53895	0
53896	0
53897	1
53898	1
53899	1
53900	1
53901	1
53902	1
53903	1
53904	1
53905	1
53906	1
53907	0
53908	0
53909	0
53910	0
53927	0
53928	0
53929	0
53930	0
53931	1
53932	1
53933	1
53934	1
53935	1
53936	1
53937	0
53938	0
53939	0
53976	0
53977	0
53978	1
53979	1
53980	1
53981	1
53982	1
53983	1
53984	1
53985	1
53986	1
53987	1
53988	0
53989	0
53990	0
53991	0
54009	0
54010	0
54011	0
54012	1
54013	1
54014	1
54015	1
54016	1
54017	1
54018	1
54019	0
54020	0
54021	0
54057	0
54058	0
54059	1
54060	1
54061	1
54062	1
54063	1
54064	1
54065	1
54066	1
54067	1
54068	1
54069	0
54070	0
54071	0
54072	0
54089	0
54090	0
54091	0
54092	0
54093	1
54094	1
54095	1
54096	1
54097	1
54098	1
54099	0
54100	0
54101	0
54138	0
54139	0
54140	1
54141	1
54142	1
54143	1
54144	1
54145	1
54146	1
54147	1
54148	1
54149	1
54150	1
54151	0
54152	0
54153	0
54171	0
54172	0
54173	0
54174	0
54175	1
54176	1
54177	1
54178	1
54179	1
54180	0
54181	0
54182	0
54183	0
54219	0
54220	0
54221	1
54222	1
54223	1
54224	1
54225	1
54226	1
54227	1
54228	1
54229	1
54230	1
54231	1
54232	0
54233	0
54234	0
54235	0
54252	0
54253	0
54254	0
54255	0
54256	1
54257	1
54258	1
54259	1
54260	1
54261	1
54262	0
54263	0
54264	0
54299	0
54300	0
54301	0
54302	1
54303	1
54304	1
54305	1
54306	1
54307	1
54308	1
54309	1
54310	1
54311	1
54312	1
54313	0
54314	0
54315	0
54333	0
54334	0
54335	0
54336	1
54337	1
54338	1
54339	1
54340	1
54341	1
54342	1
54343	0
54344	0
54345	0
54380	0
54381	0
54382	0
54383	0
54384	1
54385	1
54386	1
54387	1
54388	1
54389	1
54390	1
54391	1
54392	1
54393	1
54394	1
54395	0
54396	0
54397	0
54415	0
54416	0
54417	0
54418	1
54419	1
54420	1
54421	1
54422	1
54423	1
54424	0
54425	0
54426	0
54461	0
54462	0
54463	0
54464	0
54465	1
54466	1
54467	1
54468	1
54469	1
54470	1
54471	1
54472	1
54473	1
54474	1
54475	1
54476	0
54477	0
54478	0
54496	0
54497	0
54498	0
54499	1
54500	1
54501	1
54502	1
54503	1
54504	1
54505	1
54506	0
54507	0
54508	0
54542	0
54543	0
54544	0
54545	0
54546	1
54547	1
54548	1
54549	1
54550	1
54551	1
54552	1
54553	1
54554	1
54555	1
54556	1
54557	0
54558	0
54559	0
54577	0
54578	0
54579	0
54580	1
54581	1
54582	1
54583	1
54584	1
54585	1
54586	0
54587	0
54588	0
54623	0
54624	0
54625	0
54626	0
54627	0
54628	1
54629	1
54630	1
54631	1
54632	1
54633	1
54634	1
54635	1
54636	1
54637	1
54638	0
54639	0
54640	0
54658	0
54659	0
54660	0
54661	0
54662	1
54663	1
54664	1
54665	1
54666	1
54667	0
54668	0
54669	0
54670	0
54705	0
54706	0
54707	0
54708	0
54709	1
54710	1
54711	1
54712	1
54713	1
54714	1
54715	1
54716	1
54717	1
54718	1
54719	0
54720	0
54721	0
54722	0
54740	0
54741	0
54742	0
54743	1
54744	1
54745	1
54746	1
54747	1
54748	0
54749	0
54750	0
54751	0
54785	0
54786	0
54787	0
54788	0
54789	1
54790	1
54791	1
54792	1
54793	1
54794	1
54795	1
54796	1
54797	1
54798	1
54799	1
54800	0
54801	0
54802	0
54820	0
54821	0
54822	0
54823	1
54824	1
54825	1
54826	1
54827	1
54828	0
54829	0
54830	0
54831	0
54832	0
54866	0
54867	0
54868	0
54869	0
54870	1
54871	1
54872	1
54873	1
54874	1
54875	1
54876	1
54877	1
54878	1
54879	1
54880	1
54881	1
54882	0
54883	0
54884	0
54903	0
54904	0
54905	1
54906	1
54907	1
54908	1
54909	0
54910	0
54911	0
54912	0
54913	0
54947	0
54948	0
54949	0
54950	0
54951	1
54952	1
54953	1
54954	1
54955	1
54956	1
54957	1
54958	1
54959	1
54960	1
54961	1
54962	1
54963	0
54964	0
54965	0
54983	0
54984	0
54985	0
54987	1
54988	1
54989	1
54990	0
54991	0
54992	0
54993	0
54994	0
54995	0
55028	0
55029	0
55030	0
55031	0
55032	1
55033	1
55034	1
55035	1
55036	1
55037	1
55038	1
55039	1
55040	1
55041	1
55042	1
55043	1
55044	0
55045	0
55046	0
55064	0
55065	0
55066	0
55068	1
55069	1
55070	1
55071	0
55072	0
55073	0
55074	0
55075	0
55109	0
55110	0
55111	0
55112	0
55113	1
55114	1
55115	1
55116	1
55117	1
55118	1
55119	1
55120	1
55121	1
55122	1
55123	1
55124	1
55125	0
55126	0
55127	0
55145	0
55146	0
55147	0
55148	0
55149	1
55150	1
55151	1
55152	1
55153	0
55154	0
55155	0
55156	0
55190	0
55191	0
55192	0
55193	0
55194	0
55195	1
55196	1
55197	1
55198	1
55199	1
55200	1
55201	1
55202	1
55203	1
55204	1
55205	1
55206	1
55207	0
55208	0
55209	0
55227	0
55228	0
55229	0
55230	1
55231	1
55232	1
55233	1
55234	0
55235	0
55236	0
55237	0
55270	0
55271	0
55272	0
55273	0
55274	0
55275	1
55276	1
55277	1
55278	1
55279	1
55280	1
55281	1
55282	1
55283	1
55284	1
55285	1
55286	1
55287	0
55288	0
55289	0
55290	0
55307	0
55308	0
55309	0
55310	0
55311	1
55312	0
55313	1
55314	0
55315	0
55316	0
55317	0
55352	0
55353	0
55354	0
55355	0
55356	1
55357	1
55358	1
55359	1
55360	1
55361	1
55362	1
55363	1
55364	1
55365	1
55366	1
55367	1
55368	0
55369	0
55370	0
55371	0
55389	0
55390	0
55391	0
55392	0
55393	0
55394	0
55395	0
55396	0
55397	0
55398	0
55433	0
55434	0
55435	0
55436	0
55437	1
55438	1
55439	1
55440	1
55441	1
55442	1
55443	1
55444	1
55445	1
55446	1
55447	1
55448	1
55449	1
55450	0
55451	0
55452	0
55453	0
55471	0
55472	0
55473	0
55474	0
55475	0
55476	0
55477	0
55478	0
55479	0
55480	0
55513	0
55514	0
55515	0
55516	0
55517	1
55518	1
55519	1
55520	1
55521	1
55522	1
55523	1
55524	1
55525	1
55526	1
55527	1
55528	1
55529	1
55530	1
55531	0
55532	0
55533	0
55534	0
55551	0
55552	0
55553	0
55554	0
55555	0
55556	0
55557	0
55558	0
55559	0
55560	0
55594	0
55595	0
55596	0
55597	0
55598	1
55599	1
55600	1
55601	1
55602	1
55603	1
55604	1
55605	1
55606	1
55607	1
55608	1
55609	1
55610	1
55611	1
55612	0
55613	0
55614	0
55615	0
55616	0
55633	0
55634	0
55635	0
55636	0
55637	0
55638	0
55639	0
55640	0
55641	0
55642	0
55676	0
55677	0
55678	0
55679	1
55680	1
55681	1
55682	1
55683	1
55684	1
55685	1
55686	1
55687	1
55688	1
55689	1
55690	1
55691	1
55692	1
55693	1
55694	0
55695	0
55696	0
55697	0
55698	0
55714	0
55717	0
55718	0
55719	0
55720	0
55721	0
55722	0
55723	0
55756	0
55757	0
55758	0
55759	1
55760	1
55761	1
55762	1
55763	1
55764	1
55765	1
55766	1
55767	1
55768	1
55769	1
55770	1
55771	1
55772	1
55773	1
55774	1
55775	0
55776	0
55777	0
55778	0
55779	0
55797	0
55798	0
55799	0
55800	0
55801	0
55802	0
55803	0
55837	0
55838	0
55839	0
55840	0
55841	1
55842	1
55843	1
55844	1
55845	1
55846	1
55847	1
55848	1
55849	1
55850	1
55851	1
55852	1
55853	1
55854	1
55855	1
55856	0
55857	0
55858	0
55859	0
55860	0
55861	0
55879	0
55880	0
55881	0
55882	0
55883	0
55884	0
55918	0
55919	0
55920	0
55921	0
55922	1
55923	1
55924	1
55925	1
55926	1
55927	1
55928	1
55929	1
55930	1
55931	1
55932	1
55933	1
55934	1
55935	1
55936	1
55937	1
55938	0
55939	0
55940	0
55941	0
55942	0
55943	0
55961	0
55962	0
55963	0
55964	0
55965	0
55999	0
56000	0
56001	0
56002	1
56003	1
56004	1
56005	1
56006	1
56007	1
56008	1
56009	1
56010	1
56011	1
56012	1
56013	1
56014	1
56015	1
56016	1
56017	1
56018	1
56019	0
56020	0
56021	0
56022	0
56023	0
56024	0
56042	0
56043	0
56044	0
56045	0
56080	0
56081	0
56082	0
56083	1
56084	1
56085	1
56086	1
56087	1
56088	1
56089	1
56090	1
56091	1
56092	1
56093	1
56094	1
56095	1
56096	1
56097	1
56098	1
56099	1
56100	0
56101	0
56102	0
56103	0
56104	0
56105	0
56106	0
56123	0
56124	0
56125	0
56126	0
56162	0
56163	0
56164	0
56165	1
56166	1
56167	1
56168	1
56169	1
56170	1
56171	1
56172	1
56173	1
56174	1
56175	1
56176	1
56177	1
56178	1
56179	1
56180	1
56181	1
56182	0
56183	0
56184	0
56185	0
56186	0
56187	0
56188	0
56205	0
56206	0
56207	0
56242	0
56243	0
56244	0
56245	0
56246	1
56247	1
56248	1
56249	1
56250	1
56251	1
56252	1
56253	1
56254	1
56255	1
56256	1
56257	1
56258	1
56259	1
56260	1
56261	1
56262	0
56263	1
56264	0
56265	0
56266	0
56267	0
56268	0
56285	0
56287	0
56324	0
56325	0
56326	0
56327	1
56328	1
56329	1
56330	1
56331	1
56332	1
56333	1
56334	1
56335	1
56336	1
56337	1
56338	1
56339	1
56340	1
56341	1
56342	1
56343	1
56344	1
56345	0
56346	0
56347	0
56348	0
56349	0
56350	0
56405	0
56406	0
56407	0
56408	0
56409	1
56410	1
56411	1
56412	1
56413	1
56414	1
56415	1
56416	1
56417	1
56418	1
56419	1
56420	1
56421	1
56422	1
56423	1
56424	1
56425	1
56426	1
56427	0
56428	0
56429	0
56430	0
56431	0
56432	0
56486	0
56487	0
56488	0
56489	0
56490	1
56491	1
56492	1
56493	1
56494	1
56495	1
56496	1
56497	1
56498	1
56499	1
56500	1
56501	1
56502	1
56503	1
56504	1
56505	1
56506	1
56507	0
56508	1
56509	0
56510	0
56511	0
56512	0
56513	0
56567	0
56568	0
56569	0
56570	0
56571	1
56572	1
56573	1
56574	1
56575	1
56576	1
56577	1
56578	1
56579	1
56580	1
56581	1
56582	1
56583	1
56584	1
56585	1
56586	1
56587	1
56588	1
56589	1
56590	0
56591	0
56592	0
56593	0
56594	0
56595	0
56649	0
56650	0
56651	0
56652	0
56653	1
56654	1
56655	1
56656	1
56657	1
56658	1
56659	1
56660	1
56661	1
56662	1
56663	1
56664	1
56665	1
56666	1
56667	1
56668	1
56669	1
56670	1
56671	1
56672	1
56673	0
56674	0
56675	0
56676	0
56677	0
56730	0
56731	0
56732	0
56733	0
56734	1
56735	1
56736	1
56737	1
56738	1
56739	1
56740	1
56741	1
56742	1
56743	1
56744	1
56745	1
56746	1
56747	1
56748	1
56749	1
56750	1
56751	1
56752	1
56753	0
56754	0
56755	0
56756	0
56757	0
56811	0
56812	0
56813	0
56814	0
56815	1
56816	1
56817	1
56818	1
56819	1
56820	1
56821	1
56822	1
56823	1
56824	1
56825	1
56826	1
56827	1
56828	1
56829	1
56830	1
56831	1
56832	1
56833	1
56834	1
56835	0
56836	0
56837	0
56838	0
56839	0
56893	0
56894	0
56895	0
56896	0
56897	1
56898	1
56899	1
56900	1
56901	1
56902	1
56903	1
56904	1
56905	1
56906	1
56907	1
56908	1
56909	1
56910	1
56911	1
56912	1
56913	1
56914	1
56915	1
56916	1
56917	0
56918	0
56919	0
56920	0
56921	0
56974	0
56975	0
56976	0
56977	0
56978	1
56979	1
56980	1
56981	1
56982	1
56983	1
56984	1
56985	1
56986	1
56987	1
56988	1
56989	1
56990	1
56991	1
56992	1
56993	1
56994	1
56995	1
56996	1
56997	0
56998	0
56999	0
57000	0
57001	0
57055	0
57056	0
57057	0
57058	0
57059	1
57060	1
57061	1
57062	1
57063	1
57064	1
57065	1
57066	1
57067	1
57068	1
57069	1
57070	1
57071	1
57072	1
57073	1
57074	1
57075	1
57076	1
57077	1
57078	1
57079	0
57080	0
57081	0
57082	0
57083	0
57137	0
57138	0
57139	0
57140	0
57141	1
57142	1
57143	1
57144	1
57145	1
57146	1
57147	1
57148	1
57149	1
57150	1
57151	1
57152	1
57153	1
57154	1
57155	1
57156	1
57157	1
57158	1
57159	1
57160	1
57161	1
57162	0
57163	0
57164	0
57165	0
57218	0
57219	0
57220	0
57221	1
57222	1
57223	1
57224	1
57225	1
57226	1
57227	1
57228	1
57229	1
57230	1
57231	1
57232	1
57233	1
57234	1
57235	1
57236	1
57237	1
57238	1
57239	1
57240	1
57241	1
57242	0
57243	0
57244	0
57245	0
57299	0
57300	0
57301	0
57302	0
57303	1
57304	1
57305	1
57306	1
57307	1
57308	1
57309	1
57310	1
57311	1
57312	1
57313	1
57314	1
57315	1
57316	1
57317	1
57318	1
57319	1
57320	1
57321	1
57322	1
57323	1
57324	0
57325	0
57326	0
57327	0
57381	0
57382	0
57383	0
57384	0
57385	1
57386	1
57387	1
57388	1
57389	1
57390	1
57391	1
57392	1
57393	1
57394	1
57395	1
57396	1
57397	1
57398	1
57399	1
57400	1
57401	1
57402	1
57403	1
57404	1
57405	1
57406	0
57407	0
57408	0
57462	0
57463	0
57464	0
57465	1
57466	0
57467	1
57468	1
57469	1
57470	1
57471	1
57472	1
57473	1
57474	1
57475	1
57476	1
57477	1
57478	1
57479	1
57480	1
57481	1
57482	1
57483	1
57484	1
57485	1
57486	0
57487	0
57488	0
57489	0
57543	0
57544	0
57545	0
57546	0
57547	0
57548	1
57549	1
57550	0
57551	1
57552	1
57553	1
57554	1
57555	1
57556	1
57557	1
57558	1
57559	1
57560	1
57561	1
57562	1
57563	1
57564	1
57565	1
57566	1
57567	1
57568	0
57569	0
57570	0
57625	0
57626	0
57627	0
57628	0
57629	0
57630	0
57631	0
57632	1
57633	1
57634	1
57635	1
57636	1
57637	1
57638	1
57639	1
57640	1
57641	1
57642	1
57643	1
57644	1
57645	1
57646	1
57647	1
57648	1
57649	1
57650	0
57651	0
57652	0
57705	0
57706	0
57707	0
57708	0
57709	0
57710	0
57711	0
57712	0
57713	0
57714	1
57715	1
57716	1
57717	1
57718	1
57719	1
57720	1
57721	1
57722	1
57723	1
57724	1
57725	1
57726	1
57727	1
57728	1
57729	0
57730	0
57731	0
57732	0
57787	0
57788	0
57789	0
57790	0
57791	0
57792	0
57793	0
57794	0
57795	0
57796	1
57797	1
57798	1
57799	1
57800	1
57801	1
57802	1
57803	1
57804	1
57805	1
57806	1
57807	1
57808	1
57809	1
57810	1
57811	0
57812	0
57813	0
57869	0
57870	0
57871	0
57872	0
57873	0
57874	0
57875	0
57876	0
57877	1
57878	1
57879	1
57880	1
57881	1
57882	1
57883	1
57884	1
57885	1
57886	1
57887	1
57888	1
57889	1
57890	1
57891	1
57892	0
57893	0
57894	0
57949	0
57950	0
57951	0
57952	0
57953	0
57954	0
57955	0
57956	0
57957	1
57958	1
57959	1
57960	1
57961	1
57962	1
57963	1
57964	1
57965	1
57966	1
57967	1
57968	1
57969	1
57970	1
57971	1
57972	1
57973	0
57974	0
58031	0
58032	0
58033	0
58034	0
58035	0
58036	0
58037	0
58038	1
58039	1
58040	1
58041	1
58042	1
58043	1
58044	1
58045	1
58046	1
58047	1
58048	1
58049	1
58050	1
58051	1
58052	1
58053	1
58054	1
58055	0
58057	0
58113	0
58114	0
58115	0
58116	0
58117	0
58118	0
58119	1
58120	1
58121	1
58122	1
58123	1
58124	1
58125	1
58126	1
58127	1
58128	1
58129	1
58130	1
58131	1
58132	1
58133	1
58134	1
58135	1
58136	0
58137	0
58138	0
58139	0
58193	0
58194	0
58195	0
58196	0
58197	0
58198	1
58199	1
58200	1
58201	1
58202	1
58203	1
58204	1
58205	1
58206	1
58207	1
58208	1
58209	1
58210	1
58211	1
58212	1
58213	1
58214	1
58215	1
58216	1
58217	0
58218	0
58219	0
58275	0
58276	0
58277	0
58278	0
58279	1
58280	1
58281	1
58282	1
58283	1
58284	1
58285	1
58286	1
58287	1
58288	1
58289	1
58290	1
58291	1
58292	1
58293	1
58294	1
58295	1
58296	1
58297	1
58298	0
58299	0
58300	0
58301	0
58356	0
58357	0
58358	0
58359	0
58360	1
58361	1
58362	1
58363	1
58364	1
58365	1
58366	1
58367	1
58368	1
58369	1
58370	1
58371	1
58372	1
58373	1
58374	1
58375	1
58376	1
58377	1
58378	1
58379	1
58380	0
58381	0
58382	0
58437	0
58438	0
58439	0
58440	1
58441	1
58442	1
58443	1
58444	1
58445	1
58446	1
58447	1
58448	1
58449	1
58450	1
58451	1
58452	1
58453	1
58454	1
58455	1
58456	1
58457	1
58458	1
58459	1
58460	1
58461	0
58462	0
58463	0
58519	0
58520	0
58521	1
58522	1
58523	1
58524	1
58525	1
58526	1
58527	1
58528	1
58529	1
58530	1
58531	1
58532	1
58533	1
58534	1
58535	1
58536	1
58537	1
58538	1
58539	1
58540	1
58541	1
58542	0
58543	0
58544	0
58602	0
58603	1
58604	1
58605	1
58606	1
58607	1
58608	1
58609	1
58610	1
58611	1
58612	1
58613	1
58614	1
58615	1
58616	1
58617	1
58618	1
58619	1
58620	1
58621	1
58622	1
58623	0
58624	0
58625	0
58626	0
58683	0
58684	1
58685	1
58686	1
58687	1
58688	1
58689	1
58690	1
58691	1
58692	1
58693	1
58694	1
58695	1
58696	1
58697	1
58698	1
58699	1
58700	1
58701	1
58702	1
58703	1
58704	0
58705	0
58706	0
58766	1
58767	1
58768	1
58769	1
58770	1
58771	1
58772	1
58773	1
58774	1
58775	1
58776	1
58777	1
58778	1
58780	1
58781	1
58782	1
58783	1
58784	1
58785	0
58786	0
58787	0
58788	0
58849	1
58850	1
58851	1
58852	1
58854	1
58855	1
58856	1
58857	1
58858	1
58859	1
58862	1
58863	1
58864	1
58865	1
58866	1
58867	0
58868	0
58869	0
58930	1
58931	1
58932	1
58935	1
58936	1
58937	1
58938	1
58939	1
58943	1
58944	1
58945	1
58946	1
58947	0
58948	0
58949	0
58950	0
59017	1
59018	1
59019	1
59020	1
59025	1
59026	1
59027	1
59028	1
59029	0
59030	0
59031	0
59032	0
137831	1
137832	1
137833	1
137840	1
137841	1
137842	1
137843	0
137844	0
137845	0
137846	0
137912	1
137913	1
137921	1
137922	1
137923	0
137924	0
137925	0
137926	0
137927	0
137993	1
137994	1
138003	1
138004	1
138005	0
138006	0
138007	0
138008	0
138009	0
138085	1
138086	0
138087	0
138088	0
138089	0
138090	0
138165	1
138166	1
138167	0
138168	0
138169	0
138170	0
138171	0
138247	1
138248	1
138249	0
138250	0
138251	0
138252	0
138329	1
138330	0
138331	0
138332	0
138333	0
138334	0
138410	1
138411	0
138412	0
138413	0
138492	1
138493	1
138494	0
138574	1
138575	0