HID	PA
75	0
76	0
77	0
78	0
79	0
80	0
81	0
82	0
156	0
157	1
158	1
159	1
160	1
161	0
162	0
238	1
239	1
240	1
241	1
242	1
243	0
255	1
320	1
321	1
322	1
323	1
324	0
325	0
335	1
336	1
401	1
402	1
403	1
404	1
405	0
406	0
410	1
412	1
416	1
417	1
418	1
421	1
483	1
484	1
485	1
486	1
487	1
493	1
494	1
498	1
499	1
502	1
503	1
564	1
565	1
566	1
567	1
568	1
573	1
574	1
575	0
578	1
579	1
580	1
582	1
583	1
645	1
646	1
647	1
648	0
649	0
654	1
655	1
656	0
657	0
660	1
661	1
663	1
664	1
665	1
666	1
727	0
728	0
729	0
730	0
736	0
737	0
738	0
741	0
742	0
745	1
746	1
747	1
748	1
809	0
810	0
811	0
816	0
817	0
818	0
819	0
822	0
823	1
825	0
826	1
827	1
828	1
829	1
889	0
890	0
891	0
892	0
898	0
899	0
900	0
901	0
904	0
905	0
906	0
907	1
908	1
909	1
910	1
911	1
972	0
973	0
979	0
980	0
981	0
982	0
983	0
985	0
986	0
987	0
988	0
989	1
990	1
991	1
992	1
1060	0
1061	0
1062	0
1063	0
1064	0
1065	0
1066	0
1067	0
1068	0
1069	1
1070	1
1071	1
1072	1
1073	1
1141	0
1142	0
1143	0
1144	0
1145	0
1146	0
1147	0
1148	0
1149	0
1150	0
1151	1
1152	1
1153	1
1154	1
1155	1
1188	1
1222	0
1223	0
1224	0
1225	0
1226	0
1227	0
1228	0
1229	0
1230	0
1231	0
1232	1
1233	1
1234	1
1235	1
1236	1
1237	1
1270	1
1303	0
1304	0
1305	0
1306	0
1307	0
1308	0
1309	0
1310	0
1311	0
1312	0
1313	1
1314	1
1315	1
1316	1
1317	1
1348	1
1350	1
1384	0
1385	0
1386	0
1387	0
1389	0
1390	0
1391	0
1392	0
1393	0
1394	1
1395	1
1396	1
1397	1
1398	1
1428	1
1429	1
1432	1
1466	0
1467	0
1468	0
1471	0
1472	0
1473	0
1474	0
1475	0
1476	1
1477	1
1478	1
1479	1
1480	1
1509	1
1510	1
1511	1
1512	1
1513	1
1514	1
1547	0
1548	0
1552	0
1553	0
1554	0
1555	0
1556	0
1557	1
1558	1
1559	1
1560	1
1590	1
1591	1
1592	1
1593	1
1594	1
1628	0
1629	0
1634	0
1635	0
1636	0
1637	0
1638	1
1639	1
1640	1
1641	1
1642	1
1671	1
1672	1
1673	1
1674	1
1675	1
1676	1
1716	0
1717	0
1718	0
1719	0
1720	1
1721	1
1722	1
1723	1
1753	1
1754	1
1755	1
1756	1
1757	1
1758	1
1797	0
1798	0
1799	0
1800	1
1801	1
1802	1
1803	1
1804	1
1833	1
1834	1
1835	1
1836	1
1837	1
1838	1
1839	1
1878	0
1879	0
1880	0
1881	0
1882	1
1883	1
1884	1
1885	1
1914	1
1915	1
1916	1
1917	1
1918	1
1919	1
1920	1
1960	0
1961	0
1962	0
1963	0
1964	1
1965	1
1966	1
1967	1
1996	1
1997	1
1998	1
1999	0
2000	1
2001	1
2002	1
2041	0
2042	0
2043	0
2044	1
2045	1
2046	1
2047	1
2076	1
2077	1
2078	1
2079	0
2080	0
2081	1
2082	1
2083	1
2084	1
2085	1
2122	0
2123	0
2124	0
2125	0
2126	1
2127	1
2128	1
2129	1
2158	1
2159	1
2160	0
2161	0
2162	0
2163	1
2164	1
2165	1
2166	1
2204	0
2205	0
2206	0
2207	1
2208	1
2209	1
2210	1
2235	1
2236	1
2239	1
2240	1
2241	0
2242	0
2243	0
2244	1
2245	1
2246	1
2247	1
2284	0
2285	0
2286	0
2287	0
2288	1
2289	1
2290	1
2291	1
2315	1
2316	1
2317	1
2319	1
2320	1
2321	0
2322	0
2323	0
2324	0
2325	1
2326	1
2327	1
2328	1
2329	1
2330	1
2366	0
2367	0
2368	0
2369	0
2370	1
2371	1
2372	1
2396	1
2397	1
2398	1
2400	1
2401	1
2402	0
2403	0
2404	0
2405	0
2406	0
2407	1
2408	1
2409	1
2410	1
2411	1
2448	0
2449	0
2450	0
2451	1
2452	1
2453	1
2454	1
2477	1
2478	1
2479	1
2480	1
2481	0
2482	1
2483	0
2484	0
2485	0
2486	0
2487	0
2488	0
2489	1
2490	1
2491	1
2492	1
2493	1
2494	1
2528	0
2529	0
2530	0
2531	0
2532	1
2533	1
2534	1
2535	1
2556	1
2557	1
2558	1
2559	1
2560	1
2562	1
2563	0
2564	0
2565	0
2566	0
2567	0
2568	0
2569	0
2570	1
2571	1
2572	1
2573	1
2574	1
2610	0
2611	0
2612	0
2613	0
2614	1
2615	1
2616	1
2638	1
2639	1
2640	1
2641	1
2643	0
2644	0
2645	0
2646	0
2647	0
2648	0
2649	0
2650	0
2651	0
2652	1
2653	1
2654	1
2655	1
2656	1
2691	0
2692	0
2693	0
2694	0
2695	1
2696	1
2697	1
2698	1
2719	1
2720	1
2721	1
2722	1
2723	1
2724	1
2725	0
2726	0
2727	0
2728	0
2729	0
2730	0
2731	0
2732	0
2733	0
2734	1
2735	1
2736	1
2737	1
2738	1
2772	0
2773	0
2774	0
2775	0
2776	1
2777	1
2778	1
2799	1
2800	1
2801	1
2802	1
2803	1
2805	0
2806	0
2807	0
2808	0
2809	0
2810	0
2811	0
2812	0
2813	0
2814	0
2815	1
2816	1
2817	1
2818	1
2854	0
2855	0
2856	0
2857	0
2858	1
2859	1
2860	1
2880	1
2882	1
2883	1
2884	1
2885	1
2886	0
2887	0
2888	0
2889	0
2890	0
2891	0
2892	0
2893	0
2894	0
2895	0
2896	0
2897	1
2898	1
2899	1
2900	1
2935	0
2936	0
2937	0
2938	0
2939	0
2940	1
2941	1
2961	1
2962	1
2964	1
2965	1
2966	1
2967	1
2968	0
2969	0
2970	0
2971	0
2972	0
2973	0
2974	0
2975	0
2976	0
2977	0
2978	0
2979	1
2980	1
2981	1
2982	1
3016	0
3017	0
3018	0
3019	0
3020	1
3021	1
3022	1
3042	1
3043	1
3045	1
3046	1
3048	0
3049	0
3050	0
3051	0
3052	0
3054	0
3055	0
3056	0
3057	0
3058	0
3059	0
3060	1
3061	1
3062	1
3063	1
3098	0
3099	0
3100	0
3101	0
3102	1
3103	1
3115	1
3116	1
3119	1
3123	1
3124	1
3125	1
3126	1
3127	1
3128	1
3130	0
3131	0
3132	0
3133	0
3136	0
3137	0
3138	0
3139	0
3140	0
3141	0
3142	1
3143	1
3144	1
3145	1
3146	1
3179	0
3180	0
3181	0
3182	0
3183	0
3184	1
3185	1
3197	1
3198	1
3200	1
3205	1
3206	1
3207	1
3208	1
3209	1
3212	0
3213	0
3214	0
3218	0
3219	0
3220	0
3221	0
3222	0
3223	1
3224	1
3225	1
3226	1
3227	1
3228	1
3260	0
3261	0
3262	0
3263	0
3264	1
3265	1
3266	1
3280	1
3286	1
3287	1
3288	1
3289	1
3292	0
3293	0
3294	0
3299	0
3300	0
3301	0
3302	0
3303	0
3304	1
3305	1
3306	1
3307	1
3308	1
3342	0
3343	0
3344	0
3345	0
3346	1
3347	1
3367	1
3368	1
3369	1
3370	1
3373	0
3374	0
3375	0
3376	0
3381	0
3382	0
3383	0
3384	0
3385	0
3386	1
3387	1
3388	1
3424	0
3425	0
3426	0
3427	0
3428	1
3429	1
3430	1
3438	1
3441	1
3447	1
3449	1
3451	1
3452	1
3454	1
3455	0
3456	0
3457	0
3463	0
3464	0
3465	0
3466	0
3467	0
3468	1
3469	1
3470	1
3472	1
3504	0
3505	0
3506	0
3507	0
3508	0
3509	1
3510	1
3518	1
3521	1
3522	1
3529	1
3530	1
3531	1
3532	1
3535	1
3536	0
3537	0
3538	0
3544	0
3545	0
3546	0
3547	0
3548	1
3549	1
3550	1
3551	1
3552	1
3586	0
3587	0
3588	0
3589	0
3590	1
3591	1
3592	1
3599	1
3600	1
3603	1
3605	1
3609	1
3611	1
3612	1
3613	1
3614	1
3616	1
3617	0
3618	0
3619	0
3622	0
3626	0
3627	0
3628	0
3629	0
3630	1
3631	1
3632	1
3633	1
3634	1
3668	0
3669	0
3670	0
3671	0
3672	1
3673	1
3674	1
3675	1
3679	1
3680	1
3681	1
3682	1
3684	1
3685	1
3693	1
3694	1
3695	1
3697	1
3698	1
3699	0
3700	0
3701	0
3703	0
3704	0
3707	0
3708	0
3709	0
3710	0
3711	0
3712	1
3713	1
3714	1
3715	1
3748	0
3749	0
3750	0
3751	0
3752	0
3753	1
3754	1
3755	1
3756	1
3760	1
3761	1
3762	1
3763	1
3765	1
3766	1
3767	1
3774	1
3775	1
3776	1
3778	1
3779	0
3780	0
3781	0
3783	0
3784	0
3785	0
3788	0
3789	0
3790	0
3791	0
3792	0
3793	1
3794	1
3795	1
3796	1
3830	0
3831	0
3832	0
3833	0
3834	1
3835	1
3836	1
3837	1
3841	1
3842	1
3843	1
3844	1
3847	1
3848	1
3855	1
3856	1
3857	1
3860	1
3861	0
3862	0
3863	0
3864	0
3865	0
3866	0
3867	0
3870	0
3871	0
3872	0
3873	0
3874	0
3875	1
3876	1
3877	1
3912	0
3913	0
3914	0
3915	0
3916	1
3917	1
3918	1
3919	1
3920	1
3923	1
3924	1
3925	1
3926	1
3928	1
3929	1
3930	1
3934	1
3937	1
3938	1
3942	0
3943	0
3944	0
3945	0
3946	0
3947	0
3948	0
3949	0
3952	0
3953	0
3954	0
3955	0
3956	0
3957	1
3958	1
3959	1
3993	0
3994	0
3995	0
3996	0
3997	1
3998	1
3999	1
4000	1
4003	1
4004	1
4005	1
4006	1
4009	1
4010	1
4011	1
4012	1
4013	1
4017	1
4018	1
4022	1
4023	0
4024	0
4025	0
4026	0
4027	0
4028	0
4029	0
4030	0
4032	0
4033	0
4034	0
4035	0
4036	0
4037	0
4038	1
4039	0
4074	0
4075	0
4076	0
4077	0
4078	0
4079	1
4080	1
4081	1
4082	1
4085	1
4087	1
4088	1
4092	1
4094	1
4095	1
4096	1
4098	1
4099	1
4100	1
4103	1
4104	0
4105	0
4106	0
4107	0
4108	0
4109	0
4110	0
4111	0
4112	0
4114	0
4115	0
4116	0
4117	0
4118	0
4119	1
4120	0
4156	0
4157	0
4158	0
4159	0
4160	1
4161	1
4162	1
4163	1
4168	1
4169	1
4176	1
4178	1
4179	1
4180	1
4181	1
4182	1
4185	1
4186	0
4188	0
4189	0
4190	0
4191	0
4192	0
4193	0
4196	0
4197	0
4198	0
4199	0
4200	0
4201	0
4202	0
4237	0
4238	0
4239	0
4240	0
4241	1
4242	1
4243	1
4244	1
4248	1
4249	1
4250	1
4256	1
4259	1
4261	1
4262	1
4266	0
4269	0
4270	0
4271	0
4272	0
4273	0
4274	0
4277	0
4278	0
4279	0
4280	0
4281	0
4282	0
4318	0
4319	0
4320	0
4321	0
4322	0
4323	1
4324	1
4325	1
4326	1
4330	1
4331	1
4332	1
4338	1
4340	1
4351	0
4352	0
4353	0
4354	0
4355	0
4356	0
4359	0
4360	0
4361	0
4362	0
4363	0
4400	0
4401	0
4402	0
4403	0
4404	1
4405	1
4406	1
4407	1
4411	1
4412	1
4413	1
4422	1
4433	0
4434	0
4435	0
4436	0
4437	0
4438	0
4441	0
4442	0
4443	0
4444	0
4445	0
4481	0
4482	0
4483	0
4484	1
4485	1
4486	1
4487	1
4488	1
4489	1
4492	1
4493	1
4494	1
4501	1
4502	1
4503	1
4505	1
4514	0
4515	0
4516	0
4517	0
4518	0
4522	0
4523	0
4524	0
4525	0
4562	0
4563	0
4564	0
4565	0
4566	1
4567	1
4568	1
4569	1
4570	1
4573	1
4574	1
4575	1
4576	1
4578	1
4584	1
4585	1
4586	1
4587	1
4595	0
4596	1
4597	0
4598	0
4599	0
4600	0
4603	0
4604	0
4605	0
4606	0
4644	0
4645	0
4646	0
4647	1
4648	1
4649	1
4650	1
4651	1
4652	1
4655	1
4656	1
4657	1
4658	1
4659	1
4665	1
4666	1
4667	1
4668	1
4677	1
4678	0
4679	0
4680	0
4681	0
4685	0
4686	0
4687	0
4688	0
4724	0
4725	0
4726	0
4727	1
4728	1
4729	1
4730	1
4731	1
4732	1
4733	1
4736	1
4737	1
4738	1
4739	1
4742	1
4743	1
4746	1
4747	1
4748	1
4749	1
4758	1
4759	0
4760	0
4761	0
4762	0
4766	0
4767	0
4768	0
4806	0
4807	0
4808	0
4809	1
4810	1
4811	1
4812	1
4813	1
4814	1
4818	1
4819	1
4821	1
4824	1
4826	1
4829	1
4830	1
4840	1
4841	0
4842	0
4843	0
4844	0
4848	0
4849	0
4850	0
4887	0
4888	0
4889	0
4890	0
4891	1
4892	1
4893	1
4894	1
4895	1
4896	1
4898	1
4900	1
4901	1
4902	1
4904	1
4905	1
4907	1
4908	1
4922	1
4923	0
4924	0
4925	0
4926	0
4930	0
4931	0
4968	0
4969	0
4970	0
4971	1
4972	1
4973	1
4974	1
4975	1
4976	1
4977	1
4978	1
4979	1
4980	1
4981	1
4982	1
4983	1
4985	1
4986	1
4988	1
5002	1
5003	0
5004	0
5005	0
5006	0
5007	0
5011	0
5012	0
5049	0
5050	0
5051	0
5052	0
5053	1
5054	1
5055	1
5056	1
5057	1
5058	1
5060	1
5061	1
5062	1
5063	1
5064	1
5067	1
5069	1
5070	1
5072	0
5084	1
5085	0
5086	0
5087	0
5088	0
5089	0
5093	0
5131	0
5132	0
5133	0
5134	0
5135	1
5136	1
5137	1
5138	1
5139	1
5140	1
5142	1
5143	1
5144	1
5145	1
5146	1
5148	1
5149	1
5150	1
5151	1
5153	0
5165	1
5167	0
5168	0
5169	0
5170	0
5171	0
5211	0
5212	0
5213	0
5214	0
5215	0
5216	1
5217	1
5218	1
5219	1
5220	1
5221	1
5223	1
5224	1
5225	1
5226	1
5229	1
5231	1
5233	0
5235	0
5236	0
5237	0
5246	1
5248	0
5249	0
5250	0
5251	0
5293	0
5294	0
5295	0
5296	0
5297	0
5298	1
5300	1
5301	1
5302	1
5303	1
5304	1
5305	1
5306	1
5307	1
5310	1
5311	1
5312	1
5315	0
5316	0
5317	0
5318	0
5329	0
5330	0
5331	0
5332	0
5333	0
5375	0
5376	0
5377	0
5378	0
5379	0
5380	1
5382	1
5383	1
5384	1
5386	1
5387	1
5388	1
5389	1
5396	0
5398	0
5399	0
5400	0
5410	0
5411	0
5412	0
5413	0
5414	0
5415	0
5455	0
5456	0
5457	0
5458	0
5459	0
5460	1
5463	1
5464	1
5465	1
5466	1
5467	1
5468	1
5469	1
5470	1
5476	0
5477	0
5478	0
5479	0
5490	1
5491	0
5492	0
5493	0
5494	0
5495	0
5537	0
5538	0
5539	0
5540	0
5541	0
5544	1
5545	1
5546	1
5548	1
5549	1
5550	1
5551	1
5552	1
5555	1
5558	0
5560	0
5562	0
5572	0
5573	0
5574	0
5575	0
5576	0
5577	0
5619	0
5620	0
5621	0
5622	0
5626	1
5627	1
5630	1
5631	1
5632	1
5633	1
5636	1
5637	1
5639	0
5640	0
5641	0
5642	0
5643	0
5644	0
5653	1
5655	1
5656	0
5657	0
5658	0
5700	0
5701	0
5702	0
5703	0
5707	1
5708	1
5711	1
5713	1
5714	1
5717	1
5720	0
5721	0
5722	0
5723	0
5724	0
5725	0
5734	0
5735	1
5736	0
5737	0
5738	0
5739	0
5782	0
5783	0
5784	0
5785	0
5786	0
5788	1
5789	1
5790	1
5794	1
5795	1
5798	1
5799	1
5801	0
5802	0
5803	1
5804	0
5805	0
5806	0
5815	1
5817	1
5818	0
5819	0
5820	0
5821	0
5864	0
5865	0
5866	0
5867	0
5868	0
5869	1
5870	1
5871	1
5872	1
5873	1
5875	1
5876	1
5880	1
5883	0
5884	1
5885	1
5886	0
5887	0
5888	0
5899	1
5900	0
5901	0
5902	0
5903	0
5944	0
5945	0
5946	0
5947	0
5948	0
5949	0
5950	1
5951	1
5952	1
5953	1
5955	1
5957	1
5960	1
5961	1
5963	0
5964	0
5965	1
5966	0
5967	0
5968	0
5979	1
5980	0
5981	0
5982	0
5983	0
6026	0
6027	0
6028	0
6029	0
6030	0
6031	1
6032	1
6033	1
6034	1
6035	1
6037	1
6042	1
6043	1
6045	0
6046	1
6047	1
6048	0
6049	0
6050	0
6060	1
6061	1
6062	0
6063	0
6064	0
6065	0
6108	0
6109	0
6110	0
6111	0
6112	0
6113	1
6114	1
6115	1
6116	1
6117	1
6118	1
6122	1
6124	1
6127	1
6128	1
6129	0
6130	0
6131	0
6141	0
6142	1
6143	0
6144	0
6145	0
6146	0
6147	0
6189	0
6190	0
6191	0
6192	0
6193	0
6194	1
6195	1
6196	1
6197	1
6198	1
6199	1
6203	1
6208	1
6209	1
6210	0
6211	0
6212	0
6222	1
6223	1
6224	0
6225	0
6226	0
6227	0
6271	0
6272	0
6273	0
6274	0
6275	1
6276	1
6277	1
6278	1
6279	1
6280	1
6281	1
6284	1
6286	1
6291	0
6292	0
6293	0
6303	0
6304	1
6305	1
6306	0
6307	0
6308	0
6309	0
6353	0
6354	0
6355	0
6356	0
6357	1
6358	1
6359	1
6360	1
6361	1
6362	1
6363	1
6366	1
6368	1
6371	1
6373	0
6375	0
6385	0
6386	1
6387	1
6388	0
6389	0
6390	0
6434	0
6435	0
6436	0
6437	1
6438	1
6439	1
6440	1
6441	1
6442	1
6443	1
6444	1
6446	1
6448	1
6449	1
6452	1
6455	0
6465	0
6466	1
6467	1
6468	0
6469	0
6470	0
6471	0
6515	0
6516	0
6517	0
6518	1
6519	1
6520	1
6521	1
6522	1
6523	1
6524	1
6525	1
6526	1
6527	1
6530	1
6531	1
6533	1
6534	1
6547	1
6548	1
6549	1
6550	0
6551	0
6552	0
6597	0
6598	0
6599	0
6600	1
6601	1
6602	1
6603	1
6604	1
6605	1
6606	1
6607	1
6608	1
6609	1
6611	1
6612	1
6613	1
6615	1
6629	1
6630	1
6631	1
6632	0
6633	0
6634	0
6677	0
6678	0
6679	0
6680	1
6681	1
6682	1
6683	1
6684	1
6685	1
6686	1
6687	1
6688	1
6689	1
6691	1
6692	1
6693	1
6695	1
6696	1
6709	0
6710	1
6711	1
6712	0
6713	0
6714	0
6759	0
6760	0
6761	0
6762	1
6763	1
6764	1
6765	1
6766	1
6767	1
6768	1
6769	1
6770	1
6771	1
6772	1
6773	1
6774	1
6775	1
6777	1
6791	1
6792	1
6793	0
6794	0
6795	0
6796	0
6840	0
6841	0
6842	0
6843	0
6844	1
6845	1
6846	1
6847	1
6848	1
6849	1
6850	1
6851	1
6852	1
6853	1
6854	1
6855	1
6856	1
6858	1
6859	1
6873	1
6874	0
6875	0
6876	0
6877	0
6921	0
6922	0
6923	0
6924	0
6925	1
6926	1
6927	1
6928	1
6929	1
6930	1
6931	1
6932	1
6933	1
6934	1
6935	1
6936	1
6938	1
6939	1
6954	0
6955	0
6956	0
6957	0
6958	0
7002	0
7003	0
7004	0
7005	0
7006	0
7007	1
7008	1
7009	1
7010	1
7011	1
7012	1
7013	1
7014	1
7015	1
7016	1
7017	1
7018	1
7020	1
7021	1
7035	0
7036	0
7037	0
7038	0
7039	0
7040	0
7084	0
7085	0
7086	0
7087	0
7088	0
7089	1
7090	1
7091	1
7092	1
7093	1
7094	1
7095	1
7096	1
7097	1
7098	1
7099	1
7100	1
7101	1
7102	1
7117	0
7118	0
7119	0
7120	0
7121	0
7122	0
7164	0
7165	0
7166	0
7167	0
7168	0
7169	1
7170	1
7171	1
7172	1
7173	1
7174	1
7175	1
7176	1
7177	1
7178	1
7179	1
7180	1
7181	1
7182	1
7183	1
7198	0
7199	0
7200	0
7201	0
7202	0
7203	0
7246	0
7249	0
7250	1
7251	1
7252	1
7253	1
7254	1
7255	1
7256	1
7257	1
7258	1
7259	1
7260	1
7261	1
7262	1
7263	1
7264	1
7280	0
7281	0
7282	0
7283	0
7284	0
7330	0
7332	1
7333	1
7334	1
7335	1
7336	1
7337	1
7338	1
7339	1
7340	1
7341	1
7342	1
7343	1
7344	1
7345	1
7346	1
7361	0
7362	0
7363	0
7364	0
7365	0
7366	0
7413	1
7414	1
7415	1
7416	1
7417	1
7418	1
7419	1
7420	1
7421	1
7422	1
7423	1
7424	1
7426	1
7442	0
7443	0
7444	0
7445	0
7446	0
7490	0
7493	1
7494	1
7495	1
7496	1
7497	1
7498	1
7499	1
7500	1
7501	1
7502	1
7503	1
7504	1
7505	1
7506	1
7507	1
7524	0
7525	0
7526	0
7527	0
7528	0
7572	0
7573	0
7574	0
7575	1
7576	1
7577	1
7578	1
7579	1
7580	1
7581	1
7582	1
7583	1
7584	1
7585	1
7586	1
7587	1
7606	0
7607	0
7608	0
7609	0
7652	0
7653	0
7654	0
7655	0
7656	1
7657	1
7658	1
7659	1
7660	1
7661	1
7662	1
7663	1
7664	1
7665	1
7666	1
7687	0
7688	0
7689	0
7690	0
7734	0
7735	0
7736	0
7737	0
7738	1
7739	1
7740	1
7741	1
7742	1
7743	1
7744	1
7745	1
7746	1
7747	1
7748	1
7749	1
7750	1
7769	1
7770	0
7771	0
7772	0
7815	0
7816	0
7817	0
7818	0
7819	0
7820	1
7821	1
7822	1
7824	1
7825	1
7826	1
7827	1
7828	1
7829	1
7830	1
7850	1
7851	1
7852	0
7853	0
7896	0
7897	0
7898	0
7899	0
7900	0
7901	1
7902	1
7903	1
7904	1
7905	1
7906	1
7907	1
7908	1
7909	1
7910	1
7911	1
7912	0
7931	1
7977	0
7978	0
7979	0
7980	0
7981	0
7982	1
7983	1
7984	1
7985	1
7986	1
7987	1
7988	1
7989	1
7990	1
7991	1
7992	1
7993	1
7994	0
8059	0
8060	0
8061	0
8062	0
8063	0
8064	1
8065	1
8066	1
8067	1
8068	1
8069	1
8070	1
8071	1
8072	1
8073	1
8075	0
8076	0
8140	0
8141	0
8142	0
8143	0
8144	1
8145	1
8146	1
8147	1
8148	1
8149	1
8150	1
8151	1
8152	1
8153	1
8155	1
8156	0
8157	0
8222	0
8223	0
8224	0
8225	1
8226	1
8227	1
8228	1
8229	1
8230	1
8231	1
8232	1
8233	1
8234	1
8237	0
8238	0
8304	0
8305	0
8306	0
8307	1
8308	1
8309	1
8310	1
8311	1
8312	1
8313	1
8314	1
8315	1
8318	0
8319	0
8320	0
8384	0
8386	0
8387	0
8388	1
8389	1
8390	1
8391	1
8392	1
8393	1
8394	1
8395	1
8399	0
8401	0
8467	0
8468	0
8469	0
8470	1
8471	1
8472	1
8473	1
8474	1
8475	1
8476	1
8547	0
8548	0
8549	0
8550	0
8551	0
8552	1
8553	1
8554	1
8555	1
8556	1
8557	1
8628	0
8629	0
8630	0
8631	0
8632	0
8633	1
8634	1
8635	1
8636	1
8637	1
8638	1
8709	0
8710	0
8711	0
8712	0
8713	0
8714	1
8715	1
8716	1
8717	1
8718	1
8719	1
8791	0
8792	0
8793	0
8794	0
8795	0
8796	1
8797	1
8798	1
8799	1
8800	1
8872	0
8873	0
8874	0
8875	0
8876	1
8877	1
8878	1
8879	1
8880	1
8954	0
8955	0
8956	0
8957	1
8958	1
8959	1
8960	1
8961	1
8962	1
8972	0
8973	0
9036	0
9037	0
9038	0
9039	1
9040	1
9041	1
9042	1
9043	1
9053	0
9054	0
9055	0
9116	0
9117	0
9118	0
9119	0
9120	1
9121	1
9122	1
9123	1
9134	0
9135	0
9136	0
9198	0
9199	0
9200	0
9201	0
9202	1
9203	1
9204	1
9205	1
9215	0
9216	0
9217	0
9218	1
9279	0
9280	0
9281	0
9282	0
9283	0
9284	1
9285	1
9286	1
9297	0
9298	0
9299	0
9300	0
9360	0
9361	0
9362	0
9363	0
9364	1
9365	1
9366	1
9367	1
9377	0
9378	0
9379	0
9380	1
9384	0
9441	0
9442	0
9443	0
9444	0
9445	0
9446	1
9447	1
9448	1
9458	0
9459	0
9460	0
9461	0
9462	0
9465	1
9523	0
9524	0
9526	0
9527	1
9528	1
9529	1
9540	0
9541	0
9542	0
9543	0
9547	0
9604	0
9605	0
9606	0
9607	0
9608	1
9609	1
9610	1
9621	0
9622	0
9623	0
9624	0
9627	1
9628	0
9686	0
9688	0
9689	1
9690	1
9691	1
9692	1
9702	0
9703	0
9704	0
9705	0
9706	0
9709	0
9710	0
9768	0
9769	0
9770	0
9771	1
9772	1
9773	1
9774	1
9784	0
9785	0
9786	0
9787	0
9790	0
9791	0
9848	0
9849	0
9850	0
9851	0
9852	1
9853	1
9854	1
9864	0
9865	0
9866	0
9867	0
9868	0
9871	0
9872	0
9930	0
9931	0
9932	0
9933	0
9934	0
9935	1
9936	1
9946	0
9947	0
9948	0
9949	0
9950	0
9952	0
9953	0
9954	0
10011	0
10012	0
10013	0
10014	0
10015	0
10016	1
10017	1
10027	0
10028	0
10029	0
10030	0
10031	0
10032	0
10033	0
10034	0
10035	0
10092	0
10093	0
10094	0
10095	0
10096	0
10097	1
10098	1
10107	1
10108	0
10109	0
10110	0
10111	0
10112	0
10113	0
10114	0
10115	0
10116	0
10173	0
10174	0
10175	0
10176	0
10177	0
10178	1
10179	1
10189	0
10190	0
10191	0
10192	0
10193	0
10194	0
10195	0
10196	0
10197	0
10198	0
10255	0
10256	0
10257	0
10258	0
10259	0
10260	1
10261	1
10270	0
10271	0
10272	0
10273	0
10274	0
10275	0
10276	0
10277	0
10278	0
10279	0
10336	0
10337	0
10338	0
10339	0
10340	1
10341	1
10342	1
10351	0
10352	0
10353	0
10354	0
10356	0
10357	0
10358	0
10359	0
10360	0
10418	0
10419	0
10420	0
10421	0
10422	1
10423	1
10424	0
10433	0
10434	0
10435	0
10438	0
10439	0
10440	0
10441	0
10442	1
10500	0
10501	0
10502	0
10503	0
10504	1
10505	0
10506	0
10514	0
10515	0
10516	0
10520	0
10521	0
10522	0
10523	0
10524	0
10581	0
10582	0
10583	0
10584	0
10585	1
10586	0
10587	0
10595	0
10596	0
10597	0
10601	0
10602	0
10603	0
10604	1
10662	0
10663	0
10664	0
10665	0
10666	0
10667	0
10668	0
10669	0
10677	0
10678	0
10683	0
10684	0
10685	0
10686	1
10687	0
10688	0
10744	0
10745	0
10746	0
10747	0
10748	0
10749	0
10750	0
10758	0
10759	0
10764	0
10765	0
10766	0
10767	1
10768	0
10769	0
10824	0
10825	0
10826	0
10827	0
10828	0
10829	0
10830	0
10831	0
10839	0
10845	0
10846	0
10847	0
10848	0
10849	0
10850	0
10906	0
10907	0
10908	0
10909	0
10910	0
10911	0
10912	0
10913	0
10920	0
10926	0
10927	0
10928	0
10929	0
10930	0
10931	0
10932	0
10933	1
10988	0
10989	0
10990	0
10991	0
10992	0
10993	0
10994	0
11008	0
11009	0
11010	0
11011	0
11012	0
11013	0
11014	0
11015	0
11069	0
11070	0
11071	0
11072	0
11073	0
11074	0
11075	0
11088	0
11089	0
11090	0
11091	0
11092	0
11094	0
11095	1
11151	0
11152	0
11153	0
11154	0
11155	0
11156	0
11170	0
11171	0
11172	0
11173	0
11174	0
11175	0
11176	0
11177	1
11233	0
11234	0
11235	0
11236	0
11237	0
11251	0
11252	0
11254	0
11255	0
11256	0
11257	0
11258	0
11314	0
11315	0
11316	0
11317	0
11332	0
11333	0
11334	0
11335	0
11336	0
11337	0
11338	0
11339	0
11396	0
11397	0
11398	0
11414	0
11415	0
11416	0
11417	0
11418	0
11419	0
11420	0
11478	0
11479	0
11496	0
11497	0
11498	0
11499	0
11500	0
11501	0
11502	0
11559	0
11577	0
11578	0
11579	0
11580	0
11581	0
11582	0
11583	0
11659	0
11660	0
11661	0
11662	0
11663	0
11741	0
11743	0
11744	0
11746	0
11824	0
11906	0
11908	0
11989	0
12070	0
19763	0
19764	0
19843	0
19844	0
19925	0
19926	0
59131	0
59212	0
59293	0
59455	0
78814	0
78893	0
78895	0
78974	0
78976	0
79055	0
79056	0
79057	0
79135	0
79136	0
79137	0
79138	0
79216	0
79217	0
79218	0
79219	0
79298	0
79299	0
79300	0
79378	0
79379	0
79380	0
79381	0
79460	0
79461	0
79462	0
79541	0
79542	0
79543	0
79621	0
79622	0
79623	0
79624	0
79679	0
79703	0
79704	0
79705	0
79760	0
79761	0
79784	0
79785	0
79786	0
79840	0
79841	0
79842	0
79864	0
79865	0
79866	0
79867	0
79916	0
79920	0
79921	0
79922	0
79923	0
79924	0
79926	0
79945	0
79946	0
79947	0
79948	0
79997	0
79998	0
80001	0
80002	0
80003	0
80004	0
80005	0
80006	0
80007	0
80008	0
80026	0
80027	0
80028	0
80029	0
80077	0
80078	0
80079	0
80081	0
80082	0
80083	0
80084	0
80085	0
80086	0
80087	0
80088	0
80089	0
80106	0
80107	0
80108	0
80109	0
80110	0
80158	0
80159	0
80160	0
80161	0
80162	0
80163	0
80164	0
80165	0
80166	0
80167	0
80168	0
80169	0
80170	0
80171	0
80183	0
80184	0
80187	0
80188	0
80189	0
80190	0
80191	0
80239	0
80240	0
80241	0
80242	0
80243	0
80244	0
80245	0
80246	0
80247	0
80248	0
80249	0
80250	0
80251	0
80252	0
80253	0
80264	0
80265	0
80266	0
80268	0
80269	0
80270	0
80271	0
80272	0
80319	0
80320	0
80321	0
80322	0
80323	0
80324	0
80325	0
80326	0
80327	0
80328	0
80329	0
80330	0
80331	0
80332	0
80333	0
80334	0
80344	0
80345	0
80346	0
80349	0
80350	0
80351	0
80352	0
80353	0
80400	0
80401	0
80402	0
80403	0
80404	0
80405	0
80406	0
80407	0
80408	0
80409	0
80410	0
80411	0
80412	0
80413	0
80414	0
80415	0
80416	0
80425	0
80426	0
80427	0
80430	0
80431	0
80432	0
80433	0
80434	0
80481	0
80482	0
80483	0
80484	0
80485	0
80486	0
80487	0
80488	0
80489	0
80490	0
80491	0
80492	0
80493	0
80494	0
80495	0
80496	0
80497	0
80506	0
80507	0
80508	0
80509	0
80511	0
80512	0
80513	0
80514	0
80515	0
80561	0
80562	0
80563	0
80564	0
80565	0
80566	0
80567	0
80568	0
80569	0
80570	0
80571	0
80572	0
80573	0
80574	0
80575	0
80576	0
80577	0
80578	0
80586	0
80587	0
80588	0
80589	0
80590	0
80591	0
80592	0
80593	0
80594	0
80595	0
80596	0
80642	0
80643	0
80644	0
80645	0
80646	0
80647	0
80648	0
80649	0
80650	0
80651	0
80652	0
80653	1
80654	0
80655	0
80656	0
80657	0
80658	0
80659	0
80660	0
80667	0
80668	0
80669	0
80670	0
80671	0
80672	0
80673	0
80674	0
80675	0
80676	0
80677	0
80723	0
80724	0
80725	0
80726	0
80727	0
80728	0
80729	0
80730	0
80731	0
80732	0
80733	0
80734	1
80735	0
80736	0
80737	0
80738	0
80739	0
80740	0
80741	0
80742	0
80749	0
80750	0
80751	0
80752	0
80753	0
80754	0
80755	0
80756	0
80757	0
80758	0
80803	0
80804	0
80805	0
80806	0
80807	0
80808	0
80809	0
80810	0
80811	0
80812	0
80813	0
80814	1
80815	1
80816	0
80817	0
80818	0
80819	0
80820	0
80821	0
80822	0
80823	0
80829	0
80830	0
80831	0
80832	0
80833	0
80834	0
80835	0
80836	1
80837	0
80838	0
80839	0
80885	0
80886	0
80887	0
80888	0
80889	0
80890	1
80891	0
80892	0
80893	0
80894	1
80895	1
80896	1
80897	0
80898	0
80899	0
80900	1
80901	0
80902	0
80903	0
80904	0
80911	0
80912	0
80913	0
80914	0
80915	0
80916	0
80917	1
80918	1
80919	0
80920	0
80966	0
80967	0
80968	0
80969	0
80970	0
80971	1
80972	0
80973	0
80974	0
80975	1
80976	1
80977	1
80978	1
80979	0
80980	0
80981	1
80982	0
80983	0
80984	0
80985	0
80986	0
80992	0
80993	0
80994	0
80995	0
80996	0
80997	0
80998	0
80999	1
81000	1
81001	0
81046	0
81047	0
81048	0
81049	0
81050	0
81051	1
81052	1
81053	0
81054	0
81055	1
81056	1
81057	1
81058	1
81059	1
81060	1
81061	1
81062	1
81063	0
81064	0
81065	0
81066	0
81072	0
81073	0
81074	0
81075	0
81076	0
81077	0
81078	0
81079	1
81080	1
81081	0
81127	0
81128	0
81129	0
81130	0
81131	0
81132	1
81133	1
81134	1
81135	0
81136	1
81137	1
81138	1
81139	1
81140	1
81141	1
81142	1
81143	1
81144	1
81145	0
81146	0
81148	0
81154	0
81155	0
81156	0
81157	1
81158	1
81159	0
81160	1
81161	1
81162	0
81208	0
81209	0
81210	0
81211	0
81212	0
81213	1
81214	1
81215	1
81216	0
81217	1
81218	1
81219	1
81220	1
81221	1
81222	1
81223	1
81224	1
81225	1
81226	0
81227	0
81235	0
81236	0
81237	0
81238	0
81239	1
81240	1
81241	0
81242	1
81243	1
81244	0
81288	0
81289	0
81290	0
81291	0
81292	0
81293	1
81294	1
81295	1
81296	1
81297	1
81298	1
81299	1
81300	1
81301	1
81302	1
81303	1
81304	1
81305	1
81306	1
81307	0
81308	0
81315	0
81316	0
81317	0
81318	0
81319	1
81320	1
81321	1
81322	1
81323	1
81324	0
81369	0
81370	0
81371	0
81372	0
81373	0
81374	0
81375	1
81376	1
81377	1
81378	1
81379	1
81380	1
81381	1
81382	1
81383	1
81384	1
81385	1
81386	1
81387	1
81388	1
81389	1
81397	0
81398	0
81399	0
81400	0
81401	1
81402	1
81403	1
81404	1
81405	0
81450	0
81451	0
81452	0
81453	0
81454	0
81455	0
81456	1
81457	1
81458	1
81459	1
81460	1
81461	1
81462	1
81463	1
81464	1
81465	1
81466	1
81467	1
81468	1
81469	1
81470	1
81478	0
81479	0
81480	0
81481	0
81482	1
81483	1
81484	1
81485	1
81486	0
81530	0
81531	0
81532	0
81533	0
81534	0
81535	0
81536	1
81537	1
81538	1
81539	1
81540	1
81541	1
81542	1
81543	1
81544	1
81545	1
81546	1
81547	1
81548	1
81549	1
81550	1
81551	1
81559	0
81560	0
81561	0
81562	1
81563	1
81564	1
81565	1
81566	1
81612	0
81613	0
81614	0
81615	0
81616	0
81617	1
81618	1
81619	1
81620	1
81621	1
81622	1
81623	1
81624	1
81625	1
81626	1
81627	1
81628	1
81629	1
81630	1
81631	1
81632	1
81641	0
81642	0
81643	0
81644	1
81645	1
81646	1
81647	1
81693	0
81694	0
81695	0
81696	0
81697	0
81698	1
81699	1
81700	1
81701	1
81702	1
81703	1
81704	1
81705	1
81706	1
81707	1
81708	1
81709	1
81710	1
81711	1
81712	1
81713	1
81722	0
81723	0
81724	0
81725	1
81726	1
81727	1
81728	1
81774	0
81775	0
81776	0
81777	0
81778	1
81779	1
81780	1
81781	1
81782	1
81783	1
81784	1
81785	1
81786	1
81787	1
81788	1
81789	1
81790	1
81791	1
81792	1
81803	0
81804	0
81805	1
81806	1
81807	1
81808	1
81809	1
81855	0
81856	0
81857	0
81858	0
81859	1
81860	1
81861	1
81862	1
81863	1
81864	1
81865	1
81866	1
81867	1
81868	1
81869	1
81870	1
81871	1
81872	1
81873	1
81885	0
81886	0
81887	1
81888	1
81889	1
81890	1
81891	0
81937	0
81938	0
81939	0
81940	1
81941	1
81942	1
81943	1
81944	1
81945	1
81946	1
81947	1
81948	1
81949	1
81950	1
81951	1
81952	1
81953	1
81954	1
81967	0
81968	1
81969	1
81970	1
81971	1
81972	0
82017	0
82018	0
82019	0
82020	1
82021	1
82022	1
82023	1
82024	1
82025	1
82026	1
82027	1
82028	1
82029	1
82030	1
82031	1
82032	1
82033	1
82047	0
82048	1
82049	1
82050	1
82051	1
82099	0
82100	0
82101	0
82102	1
82103	1
82104	1
82105	1
82106	1
82107	1
82108	1
82109	1
82110	1
82111	1
82112	1
82113	1
82114	1
82115	1
82129	0
82130	1
82131	1
82132	1
82180	0
82181	0
82182	0
82183	0
82184	1
82185	1
82186	1
82187	1
82188	1
82189	1
82190	1
82192	1
82193	1
82194	1
82195	1
82196	1
82210	0
82211	1
82212	1
82261	0
82262	0
82263	0
82264	0
82265	1
82266	1
82267	1
82268	1
82269	1
82270	1
82272	1
82273	1
82274	1
82275	1
82276	1
82277	1
82292	1
82342	0
82343	0
82344	0
82345	0
82346	0
82347	1
82348	1
82349	1
82350	1
82351	1
82352	1
82353	1
82354	1
82355	1
82356	1
82357	1
82358	1
82359	1
82424	0
82425	0
82426	0
82427	0
82428	1
82429	1
82430	1
82431	1
82432	1
82433	1
82435	1
82436	1
82437	1
82438	1
82439	1
82440	1
82441	1
82504	0
82505	0
82506	0
82507	0
82508	1
82509	1
82510	1
82511	1
82512	1
82513	1
82514	1
82516	1
82517	1
82520	1
82586	0
82587	0
82588	0
82589	0
82590	1
82591	1
82592	1
82593	1
82594	1
82595	1
82597	1
82598	1
82667	0
82668	0
82669	0
82670	0
82671	1
82672	1
82673	1
82674	1
82675	1
82676	1
82677	1
82679	1
82680	1
82748	0
82749	0
82750	0
82751	1
82752	1
82753	1
82754	1
82755	1
82756	1
82757	1
82759	1
82760	1
82761	1
82762	1
82829	0
82830	0
82831	0
82832	1
82833	1
82834	1
82835	1
82836	1
82837	1
82838	1
82839	1
82841	1
82842	1
82843	1
82911	0
82912	0
82913	0
82914	1
82915	1
82916	1
82917	1
82918	1
82919	1
82920	1
82921	1
82923	1
82924	1
82925	1
82991	0
82992	0
82993	0
82994	0
82995	1
82996	1
82997	1
82998	1
82999	1
83000	1
83001	1
83002	1
83004	1
83005	1
83006	1
83073	0
83074	0
83075	0
83076	0
83077	1
83078	1
83079	1
83080	1
83081	1
83082	1
83083	1
83084	1
83086	1
83087	1
83088	1
83154	0
83155	0
83156	0
83157	0
83158	0
83159	1
83160	1
83161	1
83162	1
83163	1
83166	1
83167	1
83168	1
83169	1
83235	0
83236	0
83237	0
83238	0
83239	1
83240	1
83241	1
83242	1
83243	1
83244	1
83245	1
83246	1
83248	1
83249	1
83250	1
83316	0
83317	0
83318	0
83319	0
83320	1
83321	1
83322	1
83323	1
83324	1
83325	1
83326	1
83327	1
83328	1
83330	1
83331	1
83398	0
83399	0
83400	0
83401	1
83402	1
83403	1
83404	1
83405	1
83406	1
83407	1
83408	1
83409	1
83410	1
83412	1
83413	1
83479	0
83480	0
83481	0
83482	1
83483	1
83484	1
83485	1
83486	1
83487	1
83488	1
83489	1
83490	1
83491	1
83493	1
83560	0
83561	0
83562	0
83563	0
83564	1
83565	1
83566	1
83567	1
83568	1
83569	1
83570	1
83571	1
83572	1
83573	1
83574	1
83575	1
83642	0
83643	0
83644	0
83645	0
83646	1
83647	1
83648	1
83649	1
83650	1
83651	1
83652	1
83653	1
83654	1
83656	1
83722	0
83723	0
83724	0
83725	0
83726	1
83727	1
83728	1
83729	1
83730	1
83731	1
83732	1
83733	1
83735	1
83736	1
83737	1
83804	0
83805	0
83806	0
83807	0
83808	1
83809	1
83810	1
83811	1
83812	1
83813	1
83814	1
83815	1
83816	1
83885	0
83886	0
83887	0
83888	0
83889	0
83890	1
83891	1
83892	1
83893	1
83894	1
83895	1
83896	1
83897	1
83900	1
83966	0
83967	0
83968	0
83969	0
83970	1
83971	1
83972	1
83973	1
83974	1
83975	1
83976	1
83977	1
84048	0
84049	0
84050	0
84051	1
84052	1
84053	1
84054	1
84055	1
84056	1
84058	1
84059	1
84130	0
84131	0
84132	0
84133	1
84134	1
84135	1
84136	1
84137	1
84138	1
84139	1
84140	1
84210	0
84211	0
84212	0
84213	0
84214	1
84215	1
84216	1
84217	1
84218	1
84219	1
84292	0
84293	0
84294	0
84295	0
84296	1
84297	1
84298	1
84299	1
84300	1
84301	1
84302	1
84373	0
84374	0
84375	0
84376	0
84377	0
84378	1
84379	1
84380	1
84381	1
84382	1
84383	1
84454	0
84455	0
84456	0
84457	0
84458	0
84459	1
84460	1
84461	1
84462	1
84463	1
84464	1
84535	0
84536	0
84537	0
84538	0
84539	0
84540	1
84541	1
84542	1
84543	1
84544	1
84545	1
84546	1
84617	0
84618	0
84619	0
84620	0
84621	1
84622	1
84623	1
84624	1
84625	1
84626	1
84627	1
84697	0
84698	0
84699	0
84700	0
84701	1
84702	1
84703	1
84704	1
84705	1
84706	1
84707	1
84779	0
84780	0
84781	0
84782	0
84783	1
84784	1
84785	1
84786	1
84787	1
84788	1
84860	0
84861	0
84862	0
84863	0
84864	1
84865	1
84866	1
84867	1
84868	1
84869	1
84870	1
84940	0
84941	0
84942	0
84943	0
84944	1
84945	1
84946	1
84947	1
84948	1
84949	1
84950	1
85022	0
85023	0
85024	0
85025	0
85026	1
85027	1
85028	1
85029	1
85030	1
85031	1
85103	0
85104	0
85105	0
85106	0
85107	1
85108	1
85109	1
85110	1
85111	1
85112	1
85113	1
85183	0
85184	0
85185	0
85186	0
85187	1
85188	1
85189	1
85190	1
85191	1
85192	1
85193	1
85194	1
85265	0
85266	0
85267	0
85268	0
85269	1
85270	1
85271	1
85272	1
85273	1
85274	1
85275	1
85346	0
85347	0
85348	0
85349	0
85350	1
85351	1
85352	1
85353	1
85354	1
85355	1
85356	1
85357	1
85426	0
85427	0
85428	0
85429	0
85430	1
85431	1
85432	1
85433	1
85434	1
85435	1
85436	1
85437	1
85508	0
85509	0
85510	0
85511	0
85512	1
85513	1
85514	1
85515	1
85516	1
85517	1
85518	1
85519	1
85589	0
85590	0
85591	0
85592	0
85593	1
85594	1
85595	1
85596	1
85597	1
85598	1
85599	1
85600	1
85670	0
85671	0
85672	0
85673	1
85674	1
85675	1
85676	1
85677	1
85678	1
85679	1
85680	1
85681	1
85751	0
85752	0
85753	0
85754	0
85755	1
85756	1
85757	1
85758	1
85759	1
85760	1
85761	1
85762	1
85833	0
85834	0
85835	0
85836	1
85837	1
85838	1
85839	1
85840	1
85841	1
85842	1
85843	1
85844	1
85913	0
85914	0
85915	0
85916	1
85917	1
85918	1
85919	1
85920	1
85921	1
85922	1
85923	1
85924	1
85995	0
85996	0
85997	0
85998	1
85999	1
86000	1
86001	1
86002	1
86003	1
86004	1
86005	1
86076	0
86077	0
86078	0
86079	1
86080	1
86081	1
86082	1
86083	1
86084	1
86085	1
86086	1
86087	1
86157	0
86158	0
86159	0
86160	1
86161	1
86162	1
86163	1
86164	1
86165	1
86166	1
86167	1
86238	0
86239	0
86240	0
86241	0
86242	1
86243	1
86244	1
86245	1
86246	1
86247	1
86248	1
86320	0
86321	0
86322	0
86323	0
86324	1
86325	1
86326	1
86327	1
86328	1
86329	1
86330	1
86400	0
86401	0
86402	0
86403	0
86404	0
86405	1
86406	1
86407	1
86408	1
86409	1
86410	1
86482	0
86483	0
86484	0
86485	0
86486	0
86487	1
86488	1
86489	1
86490	1
86491	1
86492	1
86563	0
86564	0
86565	0
86566	0
86567	0
86568	1
86569	1
86570	1
86571	1
86572	1
86573	1
86574	1
86644	0
86645	0
86646	0
86647	0
86648	1
86649	1
86651	1
86652	1
86653	1
86654	1
86658	0
86726	0
86727	0
86728	0
86729	0
86730	1
86731	1
86733	1
86734	1
86735	1
86736	1
86739	0
86740	0
86808	0
86809	0
86810	0
86811	1
86812	1
86813	1
86814	1
86815	1
86816	1
86817	1
86818	1
86819	1
86820	0
86821	0
86822	0
86889	0
86890	0
86891	0
86892	1
86893	1
86895	1
86896	1
86897	1
86898	1
86900	1
86901	0
86902	0
86970	0
86971	0
86972	0
86973	1
86974	1
86975	1
86976	1
86977	1
86978	1
86981	1
86984	0
87052	0
87053	0
87054	0
87055	0
87056	1
87058	1
87059	1
87063	1
87132	0
87133	0
87134	0
87135	0
87136	0
87139	1
87140	1
87214	0
87215	0
87216	0
87217	0
87218	0
87220	1
87221	1
87295	0
87296	0
87297	0
87298	0
87299	0
87302	1
87303	1
87376	0
87377	0
87378	0
87379	0
87380	0
87457	0
87458	0
87459	0
87460	0
87461	0
87539	0
87540	0
87541	0
87542	0
87620	0
87621	0
87622	0
87623	0
87702	0
87703	0
87704	0
87784	0
87785	0
87865	0
87947	0
88836	0
88917	0
88918	0
88998	0
88999	0
89000	0
89067	0
89078	0
89079	0
89080	0
89081	0
89148	0
89149	0
89159	0
89160	0
89161	0
89162	0
89163	0
89229	0
89230	0
89231	0
89232	0
89240	0
89241	0
89242	0
89243	0
89244	0
89309	0
89310	0
89311	0
89312	0
89313	0
89320	0
89321	0
89322	0
89323	0
89324	0
89390	0
89391	0
89392	0
89393	0
89394	0
89395	0
89402	0
89403	0
89404	0
89405	0
89406	0
89471	0
89472	0
89473	0
89474	0
89475	0
89476	0
89477	0
89483	0
89484	0
89485	0
89486	0
89487	0
89488	0
89552	0
89553	0
89554	0
89555	0
89556	0
89557	0
89558	0
89564	0
89565	0
89566	0
89567	0
89568	0
89634	0
89635	0
89636	0
89637	0
89638	0
89639	0
89640	0
89645	0
89646	0
89647	0
89648	0
89649	0
89716	0
89717	0
89718	0
89719	0
89720	0
89721	0
89722	0
89727	0
89728	0
89729	0
89730	0
89731	0
89797	0
89798	0
89799	0
89800	0
89801	0
89802	0
89803	0
89807	0
89808	0
89809	0
89810	1
89811	0
89812	0
89878	0
89879	0
89880	0
89881	0
89882	0
89883	0
89884	0
89885	0
89889	0
89890	0
89891	0
89892	1
89893	1
89896	1
89960	0
89961	0
89962	0
89963	0
89964	0
89965	0
89966	0
89967	0
89970	0
89971	0
89972	0
89973	1
89974	1
89975	1
89976	1
90041	1
90042	0
90043	0
90044	0
90045	0
90046	0
90047	0
90048	0
90051	0
90052	0
90053	0
90054	1
90055	1
90056	1
90058	1
90123	1
90124	0
90125	0
90126	0
90127	0
90128	0
90129	0
90130	0
90132	0
90133	0
90134	0
90135	1
90136	1
90137	1
90138	1
90205	1
90206	1
90207	0
90208	0
90209	0
90210	0
90211	0
90214	0
90215	0
90216	0
90217	1
90218	1
90219	1
90220	1
90286	1
90287	1
90288	0
90289	0
90290	0
90291	0
90292	0
90294	0
90295	0
90296	0
90297	1
90298	1
90299	1
90300	1
90367	1
90368	1
90369	0
90370	0
90371	0
90372	0
90373	0
90376	0
90377	0
90378	0
90379	1
90380	1
90381	1
90382	1
90449	1
90450	1
90451	0
90452	0
90453	0
90454	0
90455	0
90457	0
90458	0
90459	0
90460	1
90461	1
90462	1
90463	1
90530	1
90531	0
90532	0
90533	0
90534	0
90535	0
90538	0
90539	0
90540	0
90541	1
90542	1
90543	1
90611	1
90612	1
90613	0
90614	1
90615	0
90616	0
90617	0
90619	0
90620	0
90621	0
90622	0
90623	1
90624	1
90625	1
90693	1
90694	1
90695	1
90696	0
90697	0
90698	0
90701	0
90702	0
90703	0
90704	1
90705	1
90706	1
90774	1
90775	1
90776	1
90777	0
90778	0
90779	0
90781	0
90782	0
90783	0
90784	0
90785	1
90786	1
90787	1
90855	1
90856	1
90857	1
90858	0
90859	0
90860	0
90861	0
90863	0
90864	0
90865	0
90866	1
90867	1
90868	1
90937	1
90938	1
90939	1
90940	0
90941	0
90942	0
90944	0
90945	0
90946	0
90947	0
90948	1
90949	1
90950	1
91017	1
91018	1
91019	1
91020	0
91021	0
91022	0
91023	0
91025	0
91026	0
91027	0
91028	1
91029	1
91030	1
91099	1
91100	1
91101	1
91102	0
91103	0
91104	0
91107	0
91108	0
91109	0
91110	1
91111	1
91180	1
91181	1
91182	1
91183	0
91184	0
91185	0
91186	0
91188	0
91189	0
91190	0
91191	0
91192	1
91193	1
91261	1
91262	1
91263	1
91264	0
91265	0
91266	0
91269	0
91270	0
91271	0
91272	1
91273	1
91342	1
91343	1
91344	1
91345	1
91346	0
91347	0
91348	0
91350	0
91351	0
91352	0
91353	0
91354	1
91355	1
91424	1
91425	1
91426	1
91427	0
91428	0
91429	0
91430	0
91432	0
91433	0
91434	0
91435	0
91436	0
91505	1
91506	1
91507	1
91508	0
91509	0
91510	0
91512	0
91513	0
91514	0
91515	0
91516	0
91587	1
91588	1
91589	0
91590	0
91591	0
91592	0
91594	0
91595	0
91596	0
91597	0
91598	0
91668	1
91669	1
91670	1
91671	0
91672	0
91673	0
91676	0
91677	0
91678	0
91679	0
91680	0
91749	1
91750	1
91751	0
91752	0
91753	0
91754	0
91756	0
91757	0
91758	0
91759	0
91760	0
91761	0
91830	1
91831	1
91832	1
91833	0
91834	0
91835	0
91836	0
91837	0
91838	0
91839	0
91840	0
91841	0
91842	0
91912	1
91913	1
91914	1
91915	0
91916	0
91917	0
91918	0
91919	0
91920	0
91921	0
91922	0
91923	1
91924	1
91992	1
91993	1
91994	1
91995	0
91996	0
91997	0
91998	0
91999	0
92000	0
92001	0
92002	0
92003	1
92004	1
92073	1
92074	1
92075	1
92076	1
92077	0
92078	0
92079	0
92080	0
92081	0
92082	0
92083	0
92084	0
92085	1
92086	1
92155	1
92156	1
92157	1
92158	0
92159	0
92160	0
92161	0
92162	0
92163	0
92164	0
92165	0
92166	0
92167	1
92235	1
92236	1
92237	1
92238	1
92239	0
92240	0
92241	0
92242	0
92243	0
92244	0
92245	0
92246	1
92247	1
92248	1
92317	1
92318	1
92319	1
92320	1
92321	0
92322	0
92323	0
92324	0
92325	0
92326	0
92327	1
92328	1
92329	1
92399	1
92400	1
92401	1
92402	0
92403	0
92404	0
92405	0
92406	0
92407	0
92408	1
92409	1
92410	1
92479	1
92481	1
92482	1
92483	0
92484	0
92485	0
92486	0
92487	0
92488	0
92489	1
92490	1
92563	1
92564	0
92565	0
92566	0
92567	0
92568	0
92569	0
92570	1
92571	1
92572	1
92645	1
92646	0
92647	0
92648	0
92649	0
92650	0
92651	0
92652	1
92653	1
92726	1
92727	0
92728	0
92729	0
92730	0
92731	0
92732	0
92733	1
92734	1
92808	1
92809	1
92810	0
92811	0
92812	0
92813	1
92814	1
92815	1
92816	1
92889	1
92890	1
92891	1
92892	0
92893	1
92894	1
92895	1
92896	1
92897	1
92970	1
92971	1
92972	1
92973	1
92974	1
92975	1
92976	1
92977	1
92978	1
93043	1
93044	1
93045	1
93052	1
93053	1
93054	1
93055	1
93056	1
93057	1
93058	1
93059	1
93060	1
93124	1
93125	1
93126	1
93127	1
93128	1
93133	1
93134	1
93135	1
93136	1
93137	1
93138	1
93139	1
93140	1
93141	1
93204	1
93205	1
93206	1
93207	1
93208	1
93214	1
93215	1
93216	1
93217	1
93218	1
93219	1
93220	1
93221	1
93222	1
93223	1
93285	1
93286	1
93287	1
93288	1
93289	1
93290	1
93294	1
93295	1
93296	1
93297	1
93298	1
93299	1
93300	1
93301	1
93302	1
93303	1
93304	1
93366	1
93367	1
93368	1
93369	1
93370	1
93371	1
93372	1
93376	1
93377	1
93378	1
93379	1
93380	1
93381	1
93382	1
93383	1
93384	1
93385	1
93446	1
93447	1
93448	1
93449	1
93450	1
93451	1
93452	1
93453	1
93454	1
93457	1
93458	1
93459	1
93460	1
93461	1
93462	1
93463	1
93464	1
93465	1
93467	1
93527	1
93528	1
93529	1
93530	1
93531	1
93532	1
93533	1
93534	1
93535	1
93536	1
93539	1
93540	1
93541	1
93542	1
93543	1
93544	1
93545	1
93546	1
93547	1
93549	1
93608	1
93609	1
93610	1
93611	1
93612	1
93613	1
93614	1
93615	1
93616	1
93617	1
93618	1
93621	1
93622	1
93623	1
93624	1
93625	1
93626	1
93627	1
93628	1
93629	1
93630	1
93689	1
93690	1
93691	1
93692	1
93693	1
93694	1
93695	1
93696	1
93697	1
93698	1
93699	1
93703	1
93704	1
93705	1
93706	1
93707	1
93708	1
93709	1
93710	1
93711	1
93714	1
93771	1
93772	1
93773	1
93774	1
93775	1
93776	1
93777	1
93778	1
93779	1
93780	1
93781	1
93784	1
93785	1
93786	1
93787	1
93788	1
93789	1
93790	1
93791	1
93792	1
93793	1
93796	1
93855	1
93856	1
93857	1
93858	1
93859	1
93860	1
93861	1
93862	1
93863	1
93864	1
93865	1
93866	1
93867	1
93868	1
93869	1
93870	1
93871	1
93872	1
93873	1
93874	1
93877	1
93935	1
93936	1
93937	1
93938	1
93939	1
93940	1
93942	1
93943	1
93944	1
93945	1
93946	1
93947	1
93948	1
93949	1
93950	1
93951	1
93952	1
93953	1
93954	1
93955	1
94018	1
94019	1
94020	1
94021	1
94025	1
94026	1
94027	1
94028	1
94029	1
94030	1
94031	1
94032	1
94033	1
94034	1
94035	1
94036	1
94100	1
94101	1
94102	1
94103	1
94107	1
94108	1
94109	1
94110	1
94111	1
94112	1
94113	1
94114	1
94115	1
94116	1
94117	1
94118	1
94181	1
94183	1
94187	1
94188	1
94189	1
94190	1
94191	1
94192	1
94193	1
94194	1
94195	1
94196	1
94197	1
94198	1
94199	1
94264	1
94269	1
94270	1
94271	1
94272	1
94273	1
94274	1
94275	1
94276	1
94277	1
94278	1
94279	1
94280	1
94351	1
94352	1
94353	1
94354	1
94355	1
94356	1
94357	1
94358	1
94359	1
94360	1
94361	1
94362	1
94431	1
94432	1
94433	1
94434	1
94435	1
94436	1
94437	1
94438	1
94439	1
94440	1
94441	1
94442	1
94513	1
94514	1
94515	1
94516	1
94517	1
94518	1
94519	1
94520	1
94521	1
94522	1
94523	1
94524	1
94595	1
94596	1
94597	1
94598	1
94599	1
94600	1
94601	1
94602	1
94603	1
94604	1
94605	1
94676	1
94677	1
94678	1
94679	1
94680	1
94681	1
94682	1
94683	1
94684	1
94685	1
94686	1
94758	1
94759	1
94760	1
94761	1
94762	1
94763	1
94764	1
94765	1
94766	1
94767	1
94839	1
94840	1
94841	1
94842	1
94843	1
94844	1
94845	1
94846	1
94847	1
94848	1
94849	1
94919	1
94920	1
94921	1
94922	1
94923	1
94924	1
94925	1
94926	1
94927	1
94928	1
94929	1
95001	1
95002	1
95003	1
95004	1
95005	1
95006	1
95007	1
95008	1
95009	1
95010	1
95011	1
95083	1
95084	1
95085	1
95086	1
95087	1
95088	1
95089	1
95090	1
95091	1
95092	1
95164	1
95165	1
95166	1
95167	1
95168	1
95169	1
95170	1
95171	1
95172	1
95173	1
95247	1
95248	1
95249	1
95250	1
95251	1
95252	1
95253	1
95254	1
95329	1
95330	1
95331	1
95332	1
95333	1
95335	1
95336	1
95410	1
95411	1
95412	1
95413	1
95414	1
95415	1
95416	1
95417	1
95492	1
95493	1
95495	1
95496	1
95497	1
95498	1
95574	1
95575	1
95578	1
95579	1
95580	1
95655	1
95659	1
95660	1
95661	1
95736	1
95741	1
95742	1
95818	1
95822	1
95823	1
95824	1
95898	1
95902	1
95903	1
95904	1
95984	1
95985	1
96066	1
96146	1